# # MODEL FILE WRITTEN BY MTPY.MODELING.MODEM, JON
   17   17   25    0 LOG10
    6000.000    3000.000    3000.000    3000.000    3000.000    3000.000    3000.000    3000.000    3000.000    3000.000    3000.000    3000.000    3000.000    3000.000    3000.000    3000.000    6000.000
    6000.000    3000.000    3000.000    3000.000    3000.000    3000.000    3000.000    3000.000    3000.000    3000.000    3000.000    3000.000    3000.000    3000.000    3000.000    3000.000    6000.000
      20.000      40.000      60.000      80.000     100.000     200.000     300.000     400.000     500.000     600.000     700.000     800.000     900.000    1000.000    1000.000    1500.000    1500.000    2000.000    2000.000    2500.000    2500.000    3000.000    3000.000    3500.000    3500.000

  1.57328E+00  1.57328E+00  1.57327E+00  1.57326E+00  1.57325E+00  1.57322E+00  1.57319E+00  1.57318E+00  1.57319E+00  1.57321E+00  1.57324E+00  1.57325E+00  1.57325E+00  1.57325E+00  1.57326E+00  1.57326E+00  1.57327E+00
  1.57328E+00  1.57327E+00  1.57326E+00  1.57322E+00  1.57315E+00  1.57304E+00  1.57294E+00  1.57289E+00  1.57294E+00  1.57304E+00  1.57314E+00  1.57321E+00  1.57323E+00  1.57324E+00  1.57325E+00  1.57326E+00  1.57327E+00
  1.57328E+00  1.57326E+00  1.57322E+00  1.57311E+00  1.57289E+00  1.57257E+00  1.57225E+00  1.57212E+00  1.57225E+00  1.57257E+00  1.57290E+00  1.57311E+00  1.57321E+00  1.57324E+00  1.57325E+00  1.57326E+00  1.57327E+00
  1.57327E+00  1.57325E+00  1.57315E+00  1.57289E+00  1.57237E+00  1.57160E+00  1.57086E+00  1.57055E+00  1.57090E+00  1.57168E+00  1.57248E+00  1.57302E+00  1.57325E+00  1.57330E+00  1.57329E+00  1.57328E+00  1.57327E+00
  1.57327E+00  1.57322E+00  1.57304E+00  1.57257E+00  1.57160E+00  1.57019E+00  1.56883E+00  1.56832E+00  1.56903E+00  1.57061E+00  1.57222E+00  1.57326E+00  1.57365E+00  1.57363E+00  1.57348E+00  1.57336E+00  1.57330E+00
  1.57326E+00  1.57319E+00  1.57294E+00  1.57225E+00  1.57086E+00  1.56883E+00  1.56694E+00  1.56635E+00  1.56772E+00  1.57047E+00  1.57326E+00  1.57497E+00  1.57534E+00  1.57485E+00  1.57416E+00  1.57365E+00  1.57340E+00
  1.57326E+00  1.57318E+00  1.57289E+00  1.57212E+00  1.57055E+00  1.56832E+00  1.56635E+00  1.56617E+00  1.56870E+00  1.57326E+00  1.57782E+00  1.58034E+00  1.58017E+00  1.57822E+00  1.57599E+00  1.57443E+00  1.57366E+00
  1.57326E+00  1.57319E+00  1.57294E+00  1.57226E+00  1.57090E+00  1.56904E+00  1.56772E+00  1.56870E+00  1.57325E+00  1.58069E+00  1.58802E+00  1.59165E+00  1.59010E+00  1.58508E+00  1.57970E+00  1.57601E+00  1.57419E+00
  1.57327E+00  1.57322E+00  1.57304E+00  1.57258E+00  1.57169E+00  1.57061E+00  1.57047E+00  1.57326E+00  1.58069E+00  1.59211E+00  1.60327E+00  1.60837E+00  1.60471E+00  1.59515E+00  1.58515E+00  1.57832E+00  1.57495E+00
  1.57327E+00  1.57325E+00  1.57315E+00  1.57291E+00  1.57250E+00  1.57223E+00  1.57327E+00  1.57782E+00  1.58802E+00  1.60327E+00  1.61811E+00  1.62459E+00  1.61889E+00  1.60492E+00  1.59044E+00  1.58056E+00  1.57570E+00
  1.57328E+00  1.57326E+00  1.57323E+00  1.57314E+00  1.57304E+00  1.57328E+00  1.57498E+00  1.58035E+00  1.59165E+00  1.60837E+00  1.62459E+00  1.63155E+00  1.62492E+00  1.60907E+00  1.59268E+00  1.58151E+00  1.57601E+00
  1.57328E+00  1.57327E+00  1.57326E+00  1.57324E+00  1.57328E+00  1.57367E+00  1.57535E+00  1.58017E+00  1.59010E+00  1.60471E+00  1.61889E+00  1.62492E+00  1.61900E+00  1.60495E+00  1.59044E+00  1.58056E+00  1.57570E+00
  1.57328E+00  1.57328E+00  1.57328E+00  1.57328E+00  1.57333E+00  1.57365E+00  1.57486E+00  1.57822E+00  1.58508E+00  1.59515E+00  1.60492E+00  1.60907E+00  1.60495E+00  1.59521E+00  1.58517E+00  1.57832E+00  1.57495E+00
  1.57328E+00  1.57328E+00  1.57328E+00  1.57328E+00  1.57332E+00  1.57350E+00  1.57417E+00  1.57599E+00  1.57970E+00  1.58515E+00  1.59044E+00  1.59268E+00  1.59044E+00  1.58517E+00  1.57972E+00  1.57601E+00  1.57419E+00
  1.57328E+00  1.57328E+00  1.57328E+00  1.57328E+00  1.57330E+00  1.57338E+00  1.57366E+00  1.57443E+00  1.57601E+00  1.57832E+00  1.58056E+00  1.58151E+00  1.58056E+00  1.57832E+00  1.57601E+00  1.57444E+00  1.57366E+00
  1.57327E+00  1.57328E+00  1.57328E+00  1.57328E+00  1.57328E+00  1.57331E+00  1.57341E+00  1.57366E+00  1.57419E+00  1.57495E+00  1.57570E+00  1.57601E+00  1.57570E+00  1.57495E+00  1.57419E+00  1.57366E+00  1.57341E+00
  1.57327E+00  1.57327E+00  1.57328E+00  1.57328E+00  1.57328E+00  1.57329E+00  1.57331E+00  1.57338E+00  1.57351E+00  1.57371E+00  1.57391E+00  1.57399E+00  1.57391E+00  1.57371E+00  1.57351E+00  1.57338E+00  1.57331E+00

  1.57328E+00  1.57327E+00  1.57326E+00  1.57322E+00  1.57315E+00  1.57304E+00  1.57294E+00  1.57289E+00  1.57293E+00  1.57302E+00  1.57309E+00  1.57311E+00  1.57309E+00  1.57308E+00  1.57311E+00  1.57316E+00  1.57322E+00
  1.57327E+00  1.57326E+00  1.57321E+00  1.57307E+00  1.57278E+00  1.57237E+00  1.57196E+00  1.57179E+00  1.57195E+00  1.57233E+00  1.57270E+00  1.57291E+00  1.57297E+00  1.57299E+00  1.57303E+00  1.57311E+00  1.57319E+00
  1.57327E+00  1.57322E+00  1.57307E+00  1.57265E+00  1.57179E+00  1.57054E+00  1.56932E+00  1.56881E+00  1.56932E+00  1.57053E+00  1.57175E+00  1.57253E+00  1.57286E+00  1.57296E+00  1.57302E+00  1.57310E+00  1.57318E+00
  1.57325E+00  1.57315E+00  1.57278E+00  1.57179E+00  1.56977E+00  1.56682E+00  1.56396E+00  1.56278E+00  1.56407E+00  1.56704E+00  1.57007E+00  1.57206E+00  1.57293E+00  1.57314E+00  1.57315E+00  1.57317E+00  1.57321E+00
  1.57323E+00  1.57304E+00  1.57237E+00  1.57054E+00  1.56682E+00  1.56137E+00  1.55614E+00  1.55410E+00  1.55675E+00  1.56263E+00  1.56864E+00  1.57256E+00  1.57409E+00  1.57416E+00  1.57377E+00  1.57346E+00  1.57331E+00
  1.57321E+00  1.57294E+00  1.57196E+00  1.56932E+00  1.56396E+00  1.55614E+00  1.54877E+00  1.54630E+00  1.55112E+00  1.56107E+00  1.57119E+00  1.57748E+00  1.57915E+00  1.57788E+00  1.57585E+00  1.57436E+00  1.57363E+00
  1.57320E+00  1.57289E+00  1.57179E+00  1.56881E+00  1.56278E+00  1.55410E+00  1.54630E+00  1.54497E+00  1.55338E+00  1.56898E+00  1.58464E+00  1.59356E+00  1.59369E+00  1.58804E+00  1.58139E+00  1.57673E+00  1.57442E+00
  1.57321E+00  1.57294E+00  1.57197E+00  1.56934E+00  1.56408E+00  1.55675E+00  1.55112E+00  1.55338E+00  1.56779E+00  1.59184E+00  1.61563E+00  1.62774E+00  1.62365E+00  1.60872E+00  1.59260E+00  1.58149E+00  1.57601E+00
  1.57323E+00  1.57304E+00  1.57237E+00  1.57058E+00  1.56708E+00  1.56265E+00  1.56109E+00  1.56898E+00  1.59184E+00  1.62740E+00  1.66220E+00  1.67835E+00  1.66775E+00  1.63909E+00  1.60903E+00  1.58846E+00  1.57832E+00
  1.57325E+00  1.57315E+00  1.57279E+00  1.57185E+00  1.57016E+00  1.56870E+00  1.57122E+00  1.58465E+00  1.61564E+00  1.66220E+00  1.70753E+00  1.72750E+00  1.71054E+00  1.66854E+00  1.62495E+00  1.59521E+00  1.58056E+00
  1.57327E+00  1.57322E+00  1.57308E+00  1.57272E+00  1.57223E+00  1.57267E+00  1.57755E+00  1.59359E+00  1.62775E+00  1.67835E+00  1.72750E+00  1.74864E+00  1.72877E+00  1.68104E+00  1.63171E+00  1.59807E+00  1.58151E+00
  1.57327E+00  1.57326E+00  1.57322E+00  1.57313E+00  1.57317E+00  1.57426E+00  1.57925E+00  1.59372E+00  1.62366E+00  1.66776E+00  1.71054E+00  1.72877E+00  1.71096E+00  1.66865E+00  1.62498E+00  1.59521E+00  1.58056E+00
  1.57327E+00  1.57327E+00  1.57326E+00  1.57326E+00  1.57342E+00  1.57435E+00  1.57798E+00  1.58808E+00  1.60874E+00  1.63910E+00  1.66854E+00  1.68104E+00  1.66865E+00  1.63933E+00  1.60908E+00  1.58847E+00  1.57832E+00
  1.57326E+00  1.57326E+00  1.57327E+00  1.57329E+00  1.57339E+00  1.57394E+00  1.57594E+00  1.58143E+00  1.59261E+00  1.60903E+00  1.62495E+00  1.63171E+00  1.62498E+00  1.60908E+00  1.59268E+00  1.58151E+00  1.57601E+00
  1.57325E+00  1.57325E+00  1.57326E+00  1.57328E+00  1.57333E+00  1.57357E+00  1.57443E+00  1.57676E+00  1.58150E+00  1.58846E+00  1.59521E+00  1.59807E+00  1.59521E+00  1.58847E+00  1.58151E+00  1.57677E+00  1.57444E+00
  1.57324E+00  1.57324E+00  1.57325E+00  1.57327E+00  1.57329E+00  1.57338E+00  1.57366E+00  1.57444E+00  1.57601E+00  1.57832E+00  1.58056E+00  1.58151E+00  1.58056E+00  1.57832E+00  1.57601E+00  1.57444E+00  1.57366E+00
  1.57323E+00  1.57324E+00  1.57325E+00  1.57326E+00  1.57328E+00  1.57330E+00  1.57338E+00  1.57358E+00  1.57399E+00  1.57459E+00  1.57517E+00  1.57542E+00  1.57517E+00  1.57459E+00  1.57399E+00  1.57358E+00  1.57338E+00

  1.57328E+00  1.57326E+00  1.57322E+00  1.57311E+00  1.57289E+00  1.57257E+00  1.57225E+00  1.57210E+00  1.57219E+00  1.57240E+00  1.57250E+00  1.57238E+00  1.57217E+00  1.57207E+00  1.57222E+00  1.57255E+00  1.57288E+00
  1.57327E+00  1.57322E+00  1.57307E+00  1.57265E+00  1.57179E+00  1.57053E+00  1.56931E+00  1.56878E+00  1.56924E+00  1.57030E+00  1.57124E+00  1.57161E+00  1.57156E+00  1.57151E+00  1.57175E+00  1.57222E+00  1.57271E+00
  1.57325E+00  1.57311E+00  1.57265E+00  1.57138E+00  1.56880E+00  1.56502E+00  1.56135E+00  1.55979E+00  1.56131E+00  1.56484E+00  1.56830E+00  1.57035E+00  1.57106E+00  1.57126E+00  1.57157E+00  1.57210E+00  1.57264E+00
  1.57320E+00  1.57289E+00  1.57179E+00  1.56880E+00  1.56272E+00  1.55381E+00  1.54519E+00  1.54160E+00  1.54541E+00  1.55418E+00  1.56305E+00  1.56877E+00  1.57117E+00  1.57179E+00  1.57201E+00  1.57235E+00  1.57275E+00
  1.57313E+00  1.57257E+00  1.57053E+00  1.56502E+00  1.55381E+00  1.53740E+00  1.52161E+00  1.51530E+00  1.52299E+00  1.54026E+00  1.55786E+00  1.56932E+00  1.57394E+00  1.57446E+00  1.57375E+00  1.57323E+00  1.57311E+00
  1.57307E+00  1.57225E+00  1.56932E+00  1.56135E+00  1.54519E+00  1.52161E+00  1.49923E+00  1.49128E+00  1.50473E+00  1.53317E+00  1.56210E+00  1.58035E+00  1.58591E+00  1.58349E+00  1.57894E+00  1.57558E+00  1.57397E+00
  1.57304E+00  1.57211E+00  1.56880E+00  1.55981E+00  1.54162E+00  1.51532E+00  1.49128E+00  1.48574E+00  1.50794E+00  1.55037E+00  1.59309E+00  1.61806E+00  1.62026E+00  1.60764E+00  1.59220E+00  1.58130E+00  1.57592E+00
  1.57307E+00  1.57225E+00  1.56932E+00  1.56140E+00  1.54549E+00  1.52305E+00  1.50476E+00  1.50795E+00  1.54405E+00  1.60575E+00  1.66699E+00  1.69904E+00  1.69111E+00  1.65655E+00  1.61873E+00  1.59259E+00  1.57969E+00
  1.57313E+00  1.57257E+00  1.57055E+00  1.56511E+00  1.55443E+00  1.54042E+00  1.53326E+00  1.55041E+00  1.60576E+00  1.69304E+00  1.77865E+00  1.81916E+00  1.79537E+00  1.72825E+00  1.65750E+00  1.60904E+00  1.58516E+00
  1.57320E+00  1.57289E+00  1.57181E+00  1.56894E+00  1.56363E+00  1.55826E+00  1.56231E+00  1.59318E+00  1.66702E+00  1.77865E+00  1.88744E+00  1.93583E+00  1.89651E+00  1.79774E+00  1.69507E+00  1.62496E+00  1.59044E+00
  1.57324E+00  1.57311E+00  1.57267E+00  1.57154E+00  1.56982E+00  1.57006E+00  1.58075E+00  1.61823E+00  1.69910E+00  1.81917E+00  1.93584E+00  1.98625E+00  1.93969E+00  1.82727E+00  1.71100E+00  1.63171E+00  1.59268E+00
  1.57325E+00  1.57321E+00  1.57308E+00  1.57279E+00  1.57270E+00  1.57500E+00  1.58648E+00  1.62050E+00  1.69119E+00  1.79539E+00  1.89651E+00  1.93969E+00  1.89779E+00  1.79808E+00  1.69514E+00  1.62498E+00  1.59044E+00
  1.57322E+00  1.57322E+00  1.57320E+00  1.57320E+00  1.57351E+00  1.57565E+00  1.58414E+00  1.60792E+00  1.65664E+00  1.72827E+00  1.79775E+00  1.82728E+00  1.79808E+00  1.72897E+00  1.65767E+00  1.60908E+00  1.58517E+00
  1.57316E+00  1.57317E+00  1.57320E+00  1.57326E+00  1.57352E+00  1.57480E+00  1.57951E+00  1.59245E+00  1.61881E+00  1.65753E+00  1.69507E+00  1.71100E+00  1.69514E+00  1.65767E+00  1.61902E+00  1.59268E+00  1.57972E+00
  1.57305E+00  1.57308E+00  1.57314E+00  1.57322E+00  1.57338E+00  1.57396E+00  1.57598E+00  1.58147E+00  1.59265E+00  1.60906E+00  1.62497E+00  1.63171E+00  1.62498E+00  1.60908E+00  1.59268E+00  1.58151E+00  1.57601E+00
  1.57295E+00  1.57299E+00  1.57308E+00  1.57318E+00  1.57328E+00  1.57350E+00  1.57418E+00  1.57601E+00  1.57972E+00  1.58516E+00  1.59044E+00  1.59268E+00  1.59045E+00  1.58517E+00  1.57972E+00  1.57601E+00  1.57419E+00
  1.57291E+00  1.57295E+00  1.57305E+00  1.57316E+00  1.57324E+00  1.57332E+00  1.57351E+00  1.57399E+00  1.57495E+00  1.57637E+00  1.57774E+00  1.57832E+00  1.57774E+00  1.57637E+00  1.57495E+00  1.57399E+00  1.57351E+00

  1.57327E+00  1.57325E+00  1.57315E+00  1.57289E+00  1.57237E+00  1.57160E+00  1.57084E+00  1.57046E+00  1.57058E+00  1.57077E+00  1.57042E+00  1.56929E+00  1.56795E+00  1.56737E+00  1.56807E+00  1.56968E+00  1.57133E+00
  1.57325E+00  1.57315E+00  1.57278E+00  1.57179E+00  1.56977E+00  1.56681E+00  1.56392E+00  1.56262E+00  1.56355E+00  1.56564E+00  1.56699E+00  1.56663E+00  1.56531E+00  1.56468E+00  1.56575E+00  1.56808E+00  1.57046E+00
  1.57320E+00  1.57289E+00  1.57179E+00  1.56880E+00  1.56272E+00  1.55380E+00  1.54514E+00  1.54141E+00  1.54480E+00  1.55263E+00  1.55980E+00  1.56322E+00  1.56357E+00  1.56348E+00  1.56481E+00  1.56743E+00  1.57010E+00
  1.57309E+00  1.57237E+00  1.56977E+00  1.56272E+00  1.54839E+00  1.52738E+00  1.50703E+00  1.49848E+00  1.50719E+00  1.52732E+00  1.54724E+00  1.55941E+00  1.56394E+00  1.56504E+00  1.56621E+00  1.56831E+00  1.57054E+00
  1.57294E+00  1.57160E+00  1.56681E+00  1.55380E+00  1.52738E+00  1.48866E+00  1.45134E+00  1.43622E+00  1.45374E+00  1.49342E+00  1.53364E+00  1.55950E+00  1.56984E+00  1.57142E+00  1.57082E+00  1.57093E+00  1.57175E+00
  1.57278E+00  1.57085E+00  1.56394E+00  1.54516E+00  1.50705E+00  1.45136E+00  1.39825E+00  1.37856E+00  1.40832E+00  1.47241E+00  1.53758E+00  1.57899E+00  1.59279E+00  1.58960E+00  1.58185E+00  1.57629E+00  1.57389E+00
  1.57272E+00  1.57054E+00  1.56273E+00  1.54152E+00  1.49859E+00  1.43629E+00  1.37859E+00  1.36270E+00  1.40929E+00  1.50084E+00  1.59326E+00  1.64847E+00  1.65691E+00  1.63524E+00  1.60732E+00  1.58755E+00  1.57786E+00
  1.57278E+00  1.57085E+00  1.56395E+00  1.54525E+00  1.50759E+00  1.45401E+00  1.40847E+00  1.40935E+00  1.48095E+00  1.60656E+00  1.73167E+00  1.79903E+00  1.78840E+00  1.72611E+00  1.65678E+00  1.60873E+00  1.58501E+00
  1.57294E+00  1.57160E+00  1.56683E+00  1.55398E+00  1.52852E+00  1.49425E+00  1.47285E+00  1.50103E+00  1.60662E+00  1.77582E+00  1.94219E+00  2.02266E+00  1.98158E+00  1.85876E+00  1.72854E+00  1.63921E+00  1.59517E+00
  1.57309E+00  1.57237E+00  1.56980E+00  1.56298E+00  1.55006E+00  1.53559E+00  1.53863E+00  1.59371E+00  1.73182E+00  1.94222E+00  2.14750E+00  2.23990E+00  2.16887E+00  1.98721E+00  1.79793E+00  1.66862E+00  1.60494E+00
  1.57317E+00  1.57287E+00  1.57181E+00  1.56909E+00  1.56461E+00  1.56310E+00  1.58095E+00  1.64930E+00  1.79931E+00  2.02273E+00  2.23992E+00  2.33425E+00  2.24899E+00  2.04182E+00  1.82736E+00  1.68108E+00  1.60908E+00
  1.57314E+00  1.57306E+00  1.57275E+00  1.57202E+00  1.57143E+00  1.57504E+00  1.59561E+00  1.65811E+00  1.78879E+00  1.98168E+00  2.16890E+00  2.24899E+00  2.17191E+00  1.98802E+00  1.79811E+00  1.66866E+00  1.60495E+00
  1.57295E+00  1.57296E+00  1.57297E+00  1.57297E+00  1.57348E+00  1.57728E+00  1.59278E+00  1.63659E+00  1.72656E+00  1.85888E+00  1.98724E+00  2.04183E+00  1.98802E+00  1.86053E+00  1.72898E+00  1.63933E+00  1.59521E+00
  1.57251E+00  1.57259E+00  1.57279E+00  1.57305E+00  1.57361E+00  1.57599E+00  1.58466E+00  1.60852E+00  1.65718E+00  1.72864E+00  1.79795E+00  1.82736E+00  1.79811E+00  1.72898E+00  1.65767E+00  1.60908E+00  1.58517E+00
  1.57186E+00  1.57203E+00  1.57241E+00  1.57284E+00  1.57332E+00  1.57447E+00  1.57823E+00  1.58837E+00  1.60900E+00  1.63928E+00  1.66864E+00  1.68109E+00  1.66866E+00  1.63933E+00  1.60908E+00  1.58847E+00  1.57832E+00
  1.57123E+00  1.57147E+00  1.57203E+00  1.57261E+00  1.57308E+00  1.57361E+00  1.57492E+00  1.57831E+00  1.58516E+00  1.59520E+00  1.60495E+00  1.60908E+00  1.60495E+00  1.59521E+00  1.58517E+00  1.57832E+00  1.57495E+00
  1.57097E+00  1.57123E+00  1.57186E+00  1.57251E+00  1.57298E+00  1.57328E+00  1.57368E+00  1.57458E+00  1.57637E+00  1.57898E+00  1.58151E+00  1.58258E+00  1.58151E+00  1.57898E+00  1.57637E+00  1.57459E+00  1.57371E+00

  1.57327E+00  1.57322E+00  1.57304E+00  1.57257E+00  1.57160E+00  1.57017E+00  1.56874E+00  1.56794E+00  1.56774E+00  1.56699E+00  1.56409E+00  1.55871E+00  1.55303E+00  1.55060E+00  1.55325E+00  1.55942E+00  1.56577E+00
  1.57323E+00  1.57304E+00  1.57237E+00  1.57053E+00  1.56681E+00  1.56133E+00  1.55597E+00  1.55341E+00  1.55453E+00  1.55678E+00  1.55601E+00  1.55057E+00  1.54351E+00  1.54040E+00  1.54434E+00  1.55326E+00  1.56243E+00
  1.57313E+00  1.57257E+00  1.57053E+00  1.56501E+00  1.55380E+00  1.53733E+00  1.52130E+00  1.51422E+00  1.51979E+00  1.53240E+00  1.54192E+00  1.54283E+00  1.53825E+00  1.53590E+00  1.54061E+00  1.55069E+00  1.56103E+00
  1.57294E+00  1.57160E+00  1.56681E+00  1.55380E+00  1.52736E+00  1.48857E+00  1.45097E+00  1.43496E+00  1.45030E+00  1.48562E+00  1.51893E+00  1.53652E+00  1.54032E+00  1.54060E+00  1.54494E+00  1.55359E+00  1.56255E+00
  1.57265E+00  1.57018E+00  1.56134E+00  1.53734E+00  1.48858E+00  1.41711E+00  1.34810E+00  1.31972E+00  1.35093E+00  1.42200E+00  1.49293E+00  1.53691E+00  1.55322E+00  1.55578E+00  1.55709E+00  1.56121E+00  1.56638E+00
  1.57237E+00  1.56880E+00  1.55605E+00  1.52139E+00  1.45105E+00  1.34815E+00  1.24965E+00  1.21191E+00  1.26386E+00  1.37747E+00  1.49259E+00  1.56556E+00  1.59093E+00  1.58821E+00  1.57868E+00  1.57290E+00  1.57161E+00
  1.57225E+00  1.56822E+00  1.55381E+00  1.51467E+00  1.43536E+00  1.32000E+00  1.21205E+00  1.17862E+00  1.25623E+00  1.41276E+00  1.57100E+00  1.66713E+00  1.68695E+00  1.65840E+00  1.61935E+00  1.59186E+00  1.57881E+00
  1.57237E+00  1.56880E+00  1.55606E+00  1.52152E+00  1.45183E+00  1.35199E+00  1.26443E+00  1.25646E+00  1.36905E+00  1.57214E+00  1.77507E+00  1.88735E+00  1.87923E+00  1.79193E+00  1.69271E+00  1.62377E+00  1.58985E+00
  1.57264E+00  1.57018E+00  1.56137E+00  1.53760E+00  1.49022E+00  1.42518E+00  1.37920E+00  1.41349E+00  1.57236E+00  1.83176E+00  2.08752E+00  2.21426E+00  2.16007E+00  1.98459E+00  1.79710E+00  1.66829E+00  1.60479E+00
  1.57291E+00  1.57158E+00  1.56684E+00  1.55417E+00  1.52977E+00  1.50044E+00  1.49666E+00  1.57273E+00  1.77564E+00  2.08766E+00  2.39253E+00  2.53170E+00  2.43193E+00  2.17062E+00  1.89757E+00  1.71092E+00  1.61898E+00
  1.57300E+00  1.57245E+00  1.57050E+00  1.56540E+00  1.55651E+00  1.55077E+00  1.57307E+00  1.67031E+00  1.88841E+00  2.21453E+00  2.53175E+00  2.67041E+00  2.54848E+00  2.24975E+00  1.94015E+00  1.72895E+00  1.62497E+00
  1.57270E+00  1.57258E+00  1.57209E+00  1.57074E+00  1.56915E+00  1.57321E+00  1.60178E+00  1.69155E+00  1.88076E+00  2.16047E+00  2.43201E+00  2.54849E+00  2.43757E+00  2.17216E+00  1.89795E+00  1.71102E+00  1.61901E+00
  1.57167E+00  1.57180E+00  1.57209E+00  1.57230E+00  1.57305E+00  1.57833E+00  1.60045E+00  1.66360E+00  1.79366E+00  1.98505E+00  2.17072E+00  2.24976E+00  2.17216E+00  1.98809E+00  1.79812E+00  1.66866E+00  1.60495E+00
  1.56950E+00  1.56993E+00  1.57094E+00  1.57203E+00  1.57331E+00  1.57693E+00  1.58949E+00  1.62394E+00  1.69424E+00  1.79750E+00  1.89766E+00  1.94017E+00  1.89795E+00  1.79812E+00  1.69515E+00  1.62498E+00  1.59044E+00
  1.56632E+00  1.56712E+00  1.56901E+00  1.57101E+00  1.57263E+00  1.57475E+00  1.58033E+00  1.59503E+00  1.62483E+00  1.66857E+00  1.71098E+00  1.72896E+00  1.71102E+00  1.66867E+00  1.62498E+00  1.59521E+00  1.58056E+00
  1.56323E+00  1.56438E+00  1.56712E+00  1.56996E+00  1.57198E+00  1.57342E+00  1.57556E+00  1.58052E+00  1.59042E+00  1.60494E+00  1.61901E+00  1.62498E+00  1.61902E+00  1.60495E+00  1.59045E+00  1.58056E+00  1.57570E+00
  1.56192E+00  1.56323E+00  1.56632E+00  1.56951E+00  1.57171E+00  1.57291E+00  1.57377E+00  1.57514E+00  1.57773E+00  1.58151E+00  1.58517E+00  1.58671E+00  1.58517E+00  1.58151E+00  1.57774E+00  1.57517E+00  1.57391E+00

  1.57326E+00  1.57319E+00  1.57294E+00  1.57225E+00  1.57085E+00  1.56877E+00  1.56664E+00  1.56514E+00  1.56363E+00  1.55921E+00  1.54823E+00  1.53051E+00  1.51266E+00  1.50506E+00  1.51298E+00  1.53153E+00  1.55065E+00
  1.57321E+00  1.57294E+00  1.57196E+00  1.56932E+00  1.56393E+00  1.55601E+00  1.54815E+00  1.54396E+00  1.54381E+00  1.54222E+00  1.53132E+00  1.50910E+00  1.48496E+00  1.47458E+00  1.48618E+00  1.51300E+00  1.54061E+00
  1.57307E+00  1.57225E+00  1.56932E+00  1.56134E+00  1.54514E+00  1.52133E+00  1.49807E+00  1.48727E+00  1.49328E+00  1.50601E+00  1.50865E+00  1.49370E+00  1.47135E+00  1.46133E+00  1.47483E+00  1.50518E+00  1.53637E+00
  1.57278E+00  1.57085E+00  1.56394E+00  1.54515E+00  1.50696E+00  1.45092E+00  1.39648E+00  1.37279E+00  1.39300E+00  1.43895E+00  1.47702E+00  1.48795E+00  1.47962E+00  1.47435E+00  1.48676E+00  1.51335E+00  1.54074E+00
  1.57237E+00  1.56880E+00  1.55604E+00  1.52138E+00  1.45096E+00  1.34768E+00  1.24781E+00  1.20609E+00  1.24912E+00  1.34723E+00  1.44173E+00  1.49482E+00  1.50920E+00  1.50996E+00  1.51713E+00  1.53353E+00  1.55135E+00
  1.57196E+00  1.56681E+00  1.54839E+00  1.49834E+00  1.39672E+00  1.24796E+00  1.10512E+00  1.04890E+00  1.12015E+00  1.27786E+00  1.43602E+00  1.53413E+00  1.56741E+00  1.56567E+00  1.55869E+00  1.55867E+00  1.56372E+00
  1.57179E+00  1.56597E+00  1.54515E+00  1.48862E+00  1.37399E+00  1.20691E+00  1.04931E+00  9.96368E-01  1.09882E+00  1.31039E+00  1.52405E+00  1.65494E+00  1.68698E+00  1.65810E+00  1.61635E+00  1.58822E+00  1.57627E+00
  1.57196E+00  1.56681E+00  1.54841E+00  1.49848E+00  1.39761E+00  1.25230E+00  1.12186E+00  1.09949E+00  1.23998E+00  1.50069E+00  1.76189E+00  1.90999E+00  1.91080E+00  1.81574E+00  1.70508E+00  1.62829E+00  1.59091E+00
  1.57235E+00  1.56879E+00  1.55607E+00  1.52167E+00  1.45281E+00  1.35683E+00  1.28306E+00  1.31258E+00  1.50136E+00  1.81627E+00  2.12766E+00  2.28598E+00  2.23201E+00  2.03634E+00  1.82528E+00  1.68008E+00  1.60858E+00
  1.57268E+00  1.57076E+00  1.56393E+00  1.54554E+00  1.50968E+00  1.46435E+00  1.44828E+00  1.52925E+00  1.76360E+00  2.12808E+00  2.48482E+00  2.65036E+00  2.54161E+00  2.24772E+00  1.93952E+00  1.72868E+00  1.62484E+00
  1.57254E+00  1.57178E+00  1.56905E+00  1.56166E+00  1.54816E+00  1.53653E+00  1.55675E+00  1.66455E+00  1.91319E+00  2.28682E+00  2.65053E+00  2.81126E+00  2.67465E+00  2.33761E+00  1.98785E+00  1.74917E+00  1.63166E+00
  1.57116E+00  1.57113E+00  1.57076E+00  1.56907E+00  1.56638E+00  1.56938E+00  1.60006E+00  1.70085E+00  1.91543E+00  2.23324E+00  2.54189E+00  2.67470E+00  2.54989E+00  2.25010E+00  1.94020E+00  1.72894E+00  1.62495E+00
  1.56710E+00  1.56774E+00  1.56920E+00  1.57051E+00  1.57188E+00  1.57782E+00  1.60254E+00  1.67377E+00  1.82097E+00  2.03773E+00  2.24805E+00  2.33769E+00  2.25012E+00  2.04211E+00  1.82740E+00  1.68108E+00  1.60907E+00
  1.55876E+00  1.56042E+00  1.56434E+00  1.56841E+00  1.57177E+00  1.57673E+00  1.59119E+00  1.63019E+00  1.70971E+00  1.82653E+00  1.93982E+00  1.98794E+00  1.94024E+00  1.82741E+00  1.71102E+00  1.63171E+00  1.59268E+00
  1.54649E+00  1.54958E+00  1.55687E+00  1.56442E+00  1.56986E+00  1.57402E+00  1.58098E+00  1.59777E+00  1.63150E+00  1.68095E+00  1.72890E+00  1.74924E+00  1.72897E+00  1.68109E+00  1.63171E+00  1.59807E+00  1.58151E+00
  1.53460E+00  1.53906E+00  1.54958E+00  1.56045E+00  1.56796E+00  1.57216E+00  1.57552E+00  1.58138E+00  1.59264E+00  1.60906E+00  1.62497E+00  1.63171E+00  1.62498E+00  1.60908E+00  1.59268E+00  1.58151E+00  1.57601E+00
  1.52956E+00  1.53460E+00  1.54649E+00  1.55877E+00  1.56716E+00  1.57142E+00  1.57345E+00  1.57531E+00  1.57830E+00  1.58258E+00  1.58671E+00  1.58847E+00  1.58671E+00  1.58258E+00  1.57832E+00  1.57542E+00  1.57399E+00

  1.57326E+00  1.57318E+00  1.57289E+00  1.57211E+00  1.57053E+00  1.56815E+00  1.56557E+00  1.56306E+00  1.55846E+00  1.54559E+00  1.51721E+00  1.47372E+00  1.43080E+00  1.41257E+00  1.43116E+00  1.47488E+00  1.51995E+00
  1.57320E+00  1.57289E+00  1.57179E+00  1.56880E+00  1.56271E+00  1.55371E+00  1.54457E+00  1.53867E+00  1.53432E+00  1.52116E+00  1.48575E+00  1.42676E+00  1.36663E+00  1.34098E+00  1.36801E+00  1.43118E+00  1.49626E+00
  1.57304E+00  1.57211E+00  1.56880E+00  1.55979E+00  1.54147E+00  1.51451E+00  1.48792E+00  1.47438E+00  1.47643E+00  1.47794E+00  1.45481E+00  1.39961E+00  1.33724E+00  1.31020E+00  1.34124E+00  1.41269E+00  1.48624E+00
  1.57272E+00  1.57053E+00  1.56272E+00  1.54148E+00  1.49831E+00  1.43492E+00  1.37311E+00  1.34509E+00  1.36361E+00  1.40398E+00  1.42372E+00  1.40211E+00  1.35993E+00  1.34026E+00  1.36842E+00  1.43147E+00  1.49638E+00
  1.57225E+00  1.56822E+00  1.55380E+00  1.51461E+00  1.43500E+00  1.31821E+00  1.20501E+00  1.15669E+00  1.20173E+00  1.30371E+00  1.39353E+00  1.42964E+00  1.42357E+00  1.41581E+00  1.43459E+00  1.47659E+00  1.52054E+00
  1.57179E+00  1.56597E+00  1.54515E+00  1.48857E+00  1.37368E+00  1.20537E+00  1.04332E+00  9.77992E-01  1.05421E+00  1.22419E+00  1.39038E+00  1.48690E+00  1.51383E+00  1.51053E+00  1.51187E+00  1.52693E+00  1.54672E+00
  1.57160E+00  1.56501E+00  1.54149E+00  1.47757E+00  1.34791E+00  1.15863E+00  9.78959E-01  9.14591E-01  1.02174E+00  1.24693E+00  1.47299E+00  1.61054E+00  1.64646E+00  1.62333E+00  1.59046E+00  1.57217E+00  1.56817E+00
  1.57179E+00  1.56596E+00  1.54516E+00  1.48869E+00  1.37446E+00  1.20923E+00  1.05825E+00  1.02332E+00  1.16241E+00  1.42789E+00  1.69416E+00  1.84798E+00  1.85883E+00  1.77830E+00  1.68251E+00  1.61696E+00  1.58616E+00
  1.57220E+00  1.56817E+00  1.55380E+00  1.51486E+00  1.43664E+00  1.32633E+00  1.23644E+00  1.25210E+00  1.42948E+00  1.73251E+00  2.03298E+00  2.18971E+00  2.14983E+00  1.97951E+00  1.79385E+00  1.66617E+00  1.60361E+00
  1.57240E+00  1.57025E+00  1.56257E+00  1.54176E+00  1.50069E+00  1.44685E+00  1.41929E+00  1.48527E+00  1.69824E+00  2.03398E+00  2.36324E+00  2.51888E+00  2.42705E+00  2.16857E+00  1.89637E+00  1.71011E+00  1.61849E+00
  1.57144E+00  1.57070E+00  1.56787E+00  1.55969E+00  1.54399E+00  1.52797E+00  1.54023E+00  1.63321E+00  1.85558E+00  2.19177E+00  2.51934E+00  2.66498E+00  2.54640E+00  2.24882E+00  1.93955E+00  1.72850E+00  1.62467E+00
  1.56704E+00  1.56745E+00  1.56807E+00  1.56714E+00  1.56427E+00  1.56540E+00  1.59081E+00  1.67922E+00  1.86986E+00  2.15290E+00  2.42788E+00  2.54665E+00  2.43680E+00  2.17173E+00  1.89761E+00  1.71074E+00  1.61883E+00
  1.55471E+00  1.55677E+00  1.56156E+00  1.56622E+00  1.56960E+00  1.57558E+00  1.59741E+00  1.66036E+00  1.79082E+00  1.98308E+00  2.16963E+00  2.24926E+00  2.17191E+00  1.98790E+00  1.79795E+00  1.66852E+00  1.60485E+00
  1.52955E+00  1.53458E+00  1.54643E+00  1.55867E+00  1.56747E+00  1.57467E+00  1.58843E+00  1.62319E+00  1.69364E+00  1.79710E+00  1.89743E+00  1.94006E+00  1.89788E+00  1.79805E+00  1.69508E+00  1.62492E+00  1.59040E+00
  1.49261E+00  1.50191E+00  1.52385E+00  1.54652E+00  1.56221E+00  1.57123E+00  1.57934E+00  1.59474E+00  1.62471E+00  1.66850E+00  1.71094E+00  1.72894E+00  1.71101E+00  1.66864E+00  1.62496E+00  1.59519E+00  1.58055E+00
  1.45678E+00  1.47021E+00  1.50191E+00  1.53461E+00  1.55699E+00  1.56844E+00  1.57425E+00  1.58024E+00  1.59037E+00  1.60493E+00  1.61901E+00  1.62497E+00  1.61901E+00  1.60495E+00  1.59044E+00  1.58056E+00  1.57569E+00
  1.44160E+00  1.45678E+00  1.49261E+00  1.52956E+00  1.55476E+00  1.56728E+00  1.57230E+00  1.57484E+00  1.57769E+00  1.58150E+00  1.58516E+00  1.58671E+00  1.58516E+00  1.58151E+00  1.57774E+00  1.57517E+00  1.57391E+00

  1.57326E+00  1.57319E+00  1.57294E+00  1.57225E+00  1.57084E+00  1.56868E+00  1.56608E+00  1.56237E+00  1.55295E+00  1.52706E+00  1.47246E+00  1.39071E+00  1.31076E+00  1.27685E+00  1.31109E+00  1.39173E+00  1.47488E+00
  1.57321E+00  1.57294E+00  1.57196E+00  1.56931E+00  1.56392E+00  1.55588E+00  1.54733E+00  1.53995E+00  1.52839E+00  1.49579E+00  1.42187E+00  1.30718E+00  1.19338E+00  1.14500E+00  1.19461E+00  1.31110E+00  1.43118E+00
  1.57307E+00  1.57225E+00  1.56932E+00  1.56134E+00  1.54512E+00  1.52119E+00  1.49714E+00  1.48271E+00  1.47580E+00  1.45342E+00  1.38480E+00  1.26530E+00  1.14162E+00  1.08870E+00  1.14521E+00  1.27694E+00  1.41267E+00
  1.57278E+00  1.57085E+00  1.56394E+00  1.54514E+00  1.50695E+00  1.45078E+00  1.39561E+00  1.36862E+00  1.37719E+00  1.39180E+00  1.36653E+00  1.28485E+00  1.18698E+00  1.14402E+00  1.19476E+00  1.31126E+00  1.43124E+00
  1.57237E+00  1.56880E+00  1.55604E+00  1.52137E+00  1.45093E+00  1.34752E+00  1.24697E+00  1.20249E+00  1.23649E+00  1.31148E+00  1.36074E+00  1.34908E+00  1.30201E+00  1.27803E+00  1.31314E+00  1.39277E+00  1.47521E+00
  1.57196E+00  1.56681E+00  1.54839E+00  1.49833E+00  1.39666E+00  1.24764E+00  1.10375E+00  1.04421E+00  1.10684E+00  1.24655E+00  1.37486E+00  1.43558E+00  1.43770E+00  1.42774E+00  1.44132E+00  1.47933E+00  1.52133E+00
  1.57179E+00  1.56597E+00  1.54515E+00  1.48859E+00  1.37382E+00  1.20606E+00  1.04599E+00  9.86125E-01  1.07372E+00  1.26119E+00  1.44617E+00  1.55429E+00  1.57962E+00  1.56297E+00  1.54628E+00  1.54558E+00  1.55504E+00
  1.57195E+00  1.56680E+00  1.54839E+00  1.49841E+00  1.39721E+00  1.25034E+00  1.11430E+00  1.07664E+00  1.18578E+00  1.39969E+00  1.61366E+00  1.73799E+00  1.75207E+00  1.69821E+00  1.63444E+00  1.59333E+00  1.57647E+00
  1.57225E+00  1.56869E+00  1.55599E+00  1.52152E+00  1.45206E+00  1.35322E+00  1.26918E+00  1.27075E+00  1.40266E+00  1.63385E+00  1.86345E+00  1.98580E+00  1.96403E+00  1.84778E+00  1.72013E+00  1.63316E+00  1.59156E+00
  1.57202E+00  1.57018E+00  1.56350E+00  1.54516E+00  1.50853E+00  1.45912E+00  1.42824E+00  1.46892E+00  1.62134E+00  1.86548E+00  2.10525E+00  2.22058E+00  2.16010E+00  1.98179E+00  1.79349E+00  1.66512E+00  1.60265E+00
  1.56930E+00  1.56892E+00  1.56704E+00  1.56039E+00  1.54651E+00  1.53050E+00  1.53407E+00  1.59635E+00  1.75244E+00  1.99015E+00  2.22190E+00  2.32577E+00  2.24467E+00  2.03857E+00  1.82432E+00  1.67852E+00  1.60733E+00
  1.55869E+00  1.56010E+00  1.56310E+00  1.56476E+00  1.56357E+00  1.56360E+00  1.57989E+00  1.64049E+00  1.77322E+00  1.97082E+00  2.16278E+00  2.24587E+00  2.16990E+00  1.98610E+00  1.79615E+00  1.66696E+00  1.60378E+00
  1.52954E+00  1.53451E+00  1.54618E+00  1.55792E+00  1.56585E+00  1.57246E+00  1.58821E+00  1.63191E+00  1.72249E+00  1.85603E+00  1.98558E+00  2.04084E+00  1.98718E+00  1.85956E+00  1.72794E+00  1.63842E+00  1.59458E+00
  1.47021E+00  1.48208E+00  1.51008E+00  1.53895E+00  1.55890E+00  1.57064E+00  1.58260E+00  1.60734E+00  1.65631E+00  1.72805E+00  1.79758E+00  1.82708E+00  1.79780E+00  1.72858E+00  1.65723E+00  1.60869E+00  1.58490E+00
  1.38312E+00  1.40504E+00  1.45678E+00  1.51015E+00  1.54668E+00  1.56555E+00  1.57580E+00  1.58776E+00  1.60879E+00  1.63917E+00  1.66857E+00  1.68102E+00  1.66857E+00  1.63920E+00  1.60893E+00  1.58834E+00  1.57823E+00
  1.29866E+00  1.33033E+00  1.40504E+00  1.48211E+00  1.53468E+00  1.56085E+00  1.57159E+00  1.57761E+00  1.58503E+00  1.59518E+00  1.60494E+00  1.60906E+00  1.60493E+00  1.59518E+00  1.58513E+00  1.57829E+00  1.57493E+00
  1.26288E+00  1.29866E+00  1.38312E+00  1.47022E+00  1.52958E+00  1.55887E+00  1.56994E+00  1.57382E+00  1.57624E+00  1.57896E+00  1.58151E+00  1.58258E+00  1.58151E+00  1.57897E+00  1.57636E+00  1.57458E+00  1.57371E+00

  1.57327E+00  1.57322E+00  1.57304E+00  1.57256E+00  1.57158E+00  1.57001E+00  1.56774E+00  1.56301E+00  1.54878E+00  1.50990E+00  1.42950E+00  1.31039E+00  1.19443E+00  1.14526E+00  1.19465E+00  1.31110E+00  1.43118E+00
  1.57323E+00  1.57304E+00  1.57237E+00  1.57053E+00  1.56678E+00  1.56110E+00  1.55452E+00  1.54629E+00  1.52715E+00  1.47430E+00  1.36162E+00  1.19194E+00  1.02562E+00  9.55032E-01  1.02647E+00  1.19466E+00  1.36807E+00
  1.57313E+00  1.57257E+00  1.57053E+00  1.56501E+00  1.55376E+00  1.53706E+00  1.51965E+00  1.50614E+00  1.48875E+00  1.43904E+00  1.32199E+00  1.13721E+00  9.52639E-01  8.74076E-01  9.55133E-01  1.14529E+00  1.34131E+00
  1.57294E+00  1.57160E+00  1.56681E+00  1.55380E+00  1.52733E+00  1.48832E+00  1.44944E+00  1.42761E+00  1.42235E+00  1.40212E+00  1.32303E+00  1.17615E+00  1.02084E+00  9.54045E-01  1.02633E+00  1.19459E+00  1.36800E+00
  1.57265E+00  1.57018E+00  1.56135E+00  1.53734E+00  1.48854E+00  1.41685E+00  1.34670E+00  1.31361E+00  1.32918E+00  1.35973E+00  1.35081E+00  1.27997E+00  1.18676E+00  1.14468E+00  1.19500E+00  1.31108E+00  1.43097E+00
  1.57237E+00  1.56880E+00  1.55605E+00  1.52138E+00  1.45096E+00  1.34767E+00  1.24760E+00  1.20469E+00  1.24283E+00  1.32664E+00  1.39077E+00  1.39797E+00  1.36669E+00  1.34684E+00  1.37146E+00  1.43187E+00  1.49584E+00
  1.57225E+00  1.56822E+00  1.55380E+00  1.51463E+00  1.43512E+00  1.31878E+00  1.20727E+00  1.16378E+00  1.21952E+00  1.33981E+00  1.45329E+00  1.51109E+00  1.51535E+00  1.50115E+00  1.49954E+00  1.51659E+00  1.54022E+00
  1.57234E+00  1.56878E+00  1.55604E+00  1.52142E+00  1.45126E+00  1.34919E+00  1.25362E+00  1.22376E+00  1.29136E+00  1.42688E+00  1.56063E+00  1.63601E+00  1.64330E+00  1.61227E+00  1.57988E+00  1.56427E+00  1.56314E+00
  1.57243E+00  1.56998E+00  1.56122E+00  1.53736E+00  1.48915E+00  1.42003E+00  1.35938E+00  1.35377E+00  1.43136E+00  1.57083E+00  1.70869E+00  1.78182E+00  1.77044E+00  1.70548E+00  1.63606E+00  1.59186E+00  1.57408E+00
  1.57153E+00  1.57035E+00  1.56597E+00  1.55348E+00  1.52807E+00  1.49295E+00  1.46806E+00  1.48661E+00  1.57253E+00  1.71245E+00  1.84936E+00  1.91472E+00  1.88068E+00  1.78126E+00  1.67806E+00  1.61040E+00  1.58054E+00
  1.56619E+00  1.56643E+00  1.56631E+00  1.56288E+00  1.55385E+00  1.54205E+00  1.54069E+00  1.57299E+00  1.65895E+00  1.79083E+00  1.91885E+00  1.97524E+00  1.92908E+00  1.81453E+00  1.69717E+00  1.61961E+00  1.58434E+00
  1.54647E+00  1.54938E+00  1.55600E+00  1.56180E+00  1.56395E+00  1.56456E+00  1.57288E+00  1.60541E+00  1.67779E+00  1.78576E+00  1.89021E+00  1.93445E+00  1.89134E+00  1.78961E+00  1.68574E+00  1.61670E+00  1.58472E+00
  1.49263E+00  1.50189E+00  1.52367E+00  1.54591E+00  1.56088E+00  1.56950E+00  1.57971E+00  1.60380E+00  1.65310E+00  1.72564E+00  1.79574E+00  1.82505E+00  1.79480E+00  1.72445E+00  1.65260E+00  1.60460E+00  1.58207E+00
  1.38316E+00  1.40508E+00  1.45678E+00  1.51008E+00  1.54651E+00  1.56543E+00  1.57650E+00  1.59118E+00  1.61801E+00  1.65693E+00  1.69450E+00  1.71017E+00  1.69379E+00  1.65576E+00  1.61687E+00  1.59078E+00  1.57841E+00
  1.22246E+00  1.26292E+00  1.35837E+00  1.45681E+00  1.52396E+00  1.55748E+00  1.57160E+00  1.58048E+00  1.59239E+00  1.60893E+00  1.62482E+00  1.63146E+00  1.62454E+00  1.60845E+00  1.59197E+00  1.58088E+00  1.57558E+00
  1.06663E+00  1.12505E+00  1.26290E+00  1.40506E+00  1.50196E+00  1.54981E+00  1.56801E+00  1.57474E+00  1.57950E+00  1.58512E+00  1.59041E+00  1.59262E+00  1.59033E+00  1.58500E+00  1.57954E+00  1.57585E+00  1.57407E+00
  1.00058E+00  1.06662E+00  1.22244E+00  1.38313E+00  1.49263E+00  1.54656E+00  1.56655E+00  1.57257E+00  1.57473E+00  1.57634E+00  1.57773E+00  1.57831E+00  1.57772E+00  1.57633E+00  1.57492E+00  1.57396E+00  1.57349E+00

  1.57327E+00  1.57325E+00  1.57315E+00  1.57289E+00  1.57234E+00  1.57141E+00  1.56966E+00  1.56465E+00  1.54823E+00  1.50346E+00  1.41175E+00  1.27655E+00  1.14520E+00  1.08952E+00  1.14532E+00  1.27693E+00  1.41266E+00
  1.57325E+00  1.57315E+00  1.57279E+00  1.57179E+00  1.56974E+00  1.56654E+00  1.56221E+00  1.55423E+00  1.53127E+00  1.46842E+00  1.33783E+00  1.14384E+00  9.54762E-01  8.74579E-01  9.55216E-01  1.14530E+00  1.34132E+00
  1.57320E+00  1.57290E+00  1.57180E+00  1.56880E+00  1.56268E+00  1.55349E+00  1.54320E+00  1.53189E+00  1.50824E+00  1.44261E+00  1.30059E+00  1.08510E+00  8.73208E-01  7.82899E-01  8.74522E-01  1.08942E+00  1.31102E+00
  1.57310E+00  1.57238E+00  1.56978E+00  1.56273E+00  1.54836E+00  1.52709E+00  1.50526E+00  1.48989E+00  1.47443E+00  1.42919E+00  1.31673E+00  1.13497E+00  9.51705E-01  8.73448E-01  9.54509E-01  1.14473E+00  1.34091E+00
  1.57295E+00  1.57161E+00  1.56683E+00  1.55381E+00  1.52735E+00  1.48839E+00  1.44983E+00  1.42939E+00  1.42898E+00  1.42160E+00  1.36825E+00  1.25868E+00  1.13907E+00  1.08676E+00  1.14295E+00  1.27476E+00  1.41108E+00
  1.57280E+00  1.57087E+00  1.56396E+00  1.54517E+00  1.50699E+00  1.45093E+00  1.39632E+00  1.37151E+00  1.38695E+00  1.41865E+00  1.42603E+00  1.39002E+00  1.33422E+00  1.30642E+00  1.33532E+00  1.40644E+00  1.48155E+00
  1.57274E+00  1.57056E+00  1.56275E+00  1.54151E+00  1.49839E+00  1.43524E+00  1.37443E+00  1.34962E+00  1.37635E+00  1.43359E+00  1.48058E+00  1.49167E+00  1.47434E+00  1.45729E+00  1.46310E+00  1.49134E+00  1.52558E+00
  1.57276E+00  1.57084E+00  1.56395E+00  1.54518E+00  1.50712E+00  1.45162E+00  1.39921E+00  1.38125E+00  1.41382E+00  1.47984E+00  1.54135E+00  1.56904E+00  1.56098E+00  1.53797E+00  1.52363E+00  1.52706E+00  1.54175E+00
  1.57264E+00  1.57134E+00  1.56665E+00  1.55376E+00  1.52759E+00  1.48985E+00  1.45592E+00  1.44992E+00  1.48564E+00  1.55083E+00  1.61226E+00  1.63853E+00  1.62196E+00  1.58220E+00  1.54842E+00  1.53668E+00  1.54338E+00
  1.57110E+00  1.57062E+00  1.56859E+00  1.56215E+00  1.54851E+00  1.52916E+00  1.51420E+00  1.52008E+00  1.55786E+00  1.61973E+00  1.67724E+00  1.69778E+00  1.66991E+00  1.61398E+00  1.56449E+00  1.54216E+00  1.54402E+00
  1.56327E+00  1.56413E+00  1.56576E+00  1.56561E+00  1.56178E+00  1.55548E+00  1.55324E+00  1.56612E+00  1.60294E+00  1.65915E+00  1.71102E+00  1.72740E+00  1.69547E+00  1.63455E+00  1.57954E+00  1.55201E+00  1.54965E+00
  1.53479E+00  1.53917E+00  1.54931E+00  1.55916E+00  1.56479E+00  1.56693E+00  1.57075E+00  1.58447E+00  1.61519E+00  1.66051E+00  1.70246E+00  1.71556E+00  1.68852E+00  1.63675E+00  1.58903E+00  1.56343E+00  1.55856E+00
  1.45708E+00  1.47053E+00  1.50210E+00  1.53447E+00  1.55634E+00  1.56751E+00  1.57449E+00  1.58539E+00  1.60637E+00  1.63674E+00  1.66502E+00  1.67425E+00  1.65662E+00  1.62209E+00  1.58962E+00  1.57125E+00  1.56640E+00
  1.29901E+00  1.33071E+00  1.40537E+00  1.48228E+00  1.53469E+00  1.56086E+00  1.57220E+00  1.58026E+00  1.59198E+00  1.60834E+00  1.62363E+00  1.62890E+00  1.61990E+00  1.60177E+00  1.58443E+00  1.57421E+00  1.57096E+00
  1.06691E+00  1.12537E+00  1.26318E+00  1.40525E+00  1.50206E+00  1.54988E+00  1.56822E+00  1.57543E+00  1.58120E+00  1.58826E+00  1.59479E+00  1.59715E+00  1.59353E+00  1.58604E+00  1.57877E+00  1.57435E+00  1.57276E+00
  8.41788E-01  9.26177E-01  1.12523E+00  1.33047E+00  1.47031E+00  1.53918E+00  1.56477E+00  1.57262E+00  1.57571E+00  1.57825E+00  1.58045E+00  1.58127E+00  1.58012E+00  1.57769E+00  1.57530E+00  1.57381E+00  1.57323E+00
  7.46335E-01  8.41705E-01  1.06672E+00  1.29874E+00  1.45683E+00  1.53464E+00  1.56333E+00  1.57154E+00  1.57366E+00  1.57454E+00  1.57515E+00  1.57537E+00  1.57508E+00  1.57446E+00  1.57384E+00  1.57345E+00  1.57329E+00

  1.57328E+00  1.57327E+00  1.57323E+00  1.57311E+00  1.57287E+00  1.57240E+00  1.57119E+00  1.56691E+00  1.55223E+00  1.51229E+00  1.43079E+00  1.31094E+00  1.19461E+00  1.14530E+00  1.19465E+00  1.31109E+00  1.43118E+00
  1.57327E+00  1.57323E+00  1.57308E+00  1.57265E+00  1.57177E+00  1.57029E+00  1.56779E+00  1.56129E+00  1.54041E+00  1.48348E+00  1.36658E+00  1.19402E+00  1.02627E+00  9.55148E-01  1.02644E+00  1.19460E+00  1.36803E+00
  1.57326E+00  1.57314E+00  1.57267E+00  1.57140E+00  1.56878E+00  1.56475E+00  1.55962E+00  1.55130E+00  1.52868E+00  1.46661E+00  1.33681E+00  1.14331E+00  9.54385E-01  8.74187E-01  9.54800E-01  1.14494E+00  1.34106E+00
  1.57324E+00  1.57295E+00  1.57185E+00  1.56885E+00  1.56273E+00  1.55358E+00  1.54363E+00  1.53399E+00  1.51627E+00  1.46674E+00  1.35734E+00  1.18962E+00  1.02384E+00  9.53067E-01  1.02434E+00  1.19278E+00  1.36676E+00
  1.57320E+00  1.57267E+00  1.57065E+00  1.56511E+00  1.55385E+00  1.53721E+00  1.52036E+00  1.50949E+00  1.50150E+00  1.47711E+00  1.41117E+00  1.30081E+00  1.18750E+00  1.13775E+00  1.18650E+00  1.30388E+00  1.42616E+00
  1.57317E+00  1.57239E+00  1.56948E+00  1.56149E+00  1.54524E+00  1.52137E+00  1.49789E+00  1.48607E+00  1.48808E+00  1.48922E+00  1.46705E+00  1.41373E+00  1.35130E+00  1.31999E+00  1.34392E+00  1.40955E+00  1.48116E+00
