# # MODEL FILE WRITTEN BY MTPY.MODELING.MODEM, JON
   17   17   25    0 LOG10
    6000.000    3000.000    3000.000    3000.000    3000.000    3000.000    3000.000    3000.000    3000.000    3000.000    3000.000    3000.000    3000.000    3000.000    3000.000    3000.000    6000.000
    6000.000    3000.000    3000.000    3000.000    3000.000    3000.000    3000.000    3000.000    3000.000    3000.000    3000.000    3000.000    3000.000    3000.000    3000.000    3000.000    6000.000
      20.000      40.000      60.000      80.000     100.000     200.000     300.000     400.000     500.000     600.000     700.000     800.000     900.000    1000.000    1000.000    1500.000    1500.000    2000.000    2000.000    2500.000    2500.000    3000.000    3000.000    3500.000    3500.000

  1.64464E+00  1.64464E+00  1.64464E+00  1.64464E+00  1.64464E+00  1.64464E+00  1.64464E+00  1.64464E+00  1.64464E+00  1.64464E+00  1.64464E+00  1.64464E+00  1.64464E+00  1.64464E+00  1.64464E+00  1.64464E+00  1.64464E+00
  1.64465E+00  1.64465E+00  1.64465E+00  1.64464E+00  1.64464E+00  1.64464E+00  1.64464E+00  1.64464E+00  1.64464E+00  1.64464E+00  1.64464E+00  1.64464E+00  1.64464E+00  1.64463E+00  1.64463E+00  1.64463E+00  1.64463E+00
  1.64470E+00  1.64469E+00  1.64467E+00  1.64466E+00  1.64465E+00  1.64464E+00  1.64464E+00  1.64464E+00  1.64464E+00  1.64464E+00  1.64464E+00  1.64463E+00  1.64462E+00  1.64460E+00  1.64459E+00  1.64458E+00  1.64459E+00
  1.64485E+00  1.64483E+00  1.64477E+00  1.64471E+00  1.64467E+00  1.64465E+00  1.64464E+00  1.64464E+00  1.64464E+00  1.64464E+00  1.64463E+00  1.64461E+00  1.64456E+00  1.64450E+00  1.64444E+00  1.64441E+00  1.64444E+00
  1.64528E+00  1.64520E+00  1.64503E+00  1.64485E+00  1.64473E+00  1.64467E+00  1.64465E+00  1.64464E+00  1.64464E+00  1.64463E+00  1.64461E+00  1.64454E+00  1.64441E+00  1.64422E+00  1.64403E+00  1.64395E+00  1.64403E+00
  1.64614E+00  1.64595E+00  1.64554E+00  1.64512E+00  1.64483E+00  1.64470E+00  1.64465E+00  1.64464E+00  1.64464E+00  1.64462E+00  1.64456E+00  1.64441E+00  1.64410E+00  1.64365E+00  1.64321E+00  1.64302E+00  1.64321E+00
  1.64738E+00  1.64703E+00  1.64626E+00  1.64548E+00  1.64498E+00  1.64474E+00  1.64466E+00  1.64464E+00  1.64463E+00  1.64460E+00  1.64450E+00  1.64422E+00  1.64365E+00  1.64281E+00  1.64200E+00  1.64165E+00  1.64200E+00
  1.64854E+00  1.64801E+00  1.64689E+00  1.64578E+00  1.64507E+00  1.64475E+00  1.64466E+00  1.64464E+00  1.64463E+00  1.64459E+00  1.64444E+00  1.64403E+00  1.64321E+00  1.64199E+00  1.64082E+00  1.64032E+00  1.64082E+00
  1.64895E+00  1.64831E+00  1.64702E+00  1.64579E+00  1.64503E+00  1.64472E+00  1.64464E+00  1.64463E+00  1.64462E+00  1.64458E+00  1.64441E+00  1.64395E+00  1.64302E+00  1.64165E+00  1.64032E+00  1.63976E+00  1.64032E+00
  1.64831E+00  1.64768E+00  1.64651E+00  1.64545E+00  1.64484E+00  1.64463E+00  1.64460E+00  1.64462E+00  1.64462E+00  1.64459E+00  1.64444E+00  1.64403E+00  1.64320E+00  1.64199E+00  1.64081E+00  1.64032E+00  1.64082E+00
  1.64702E+00  1.64651E+00  1.64568E+00  1.64497E+00  1.64462E+00  1.64455E+00  1.64458E+00  1.64461E+00  1.64462E+00  1.64460E+00  1.64449E+00  1.64420E+00  1.64362E+00  1.64278E+00  1.64197E+00  1.64163E+00  1.64198E+00
  1.64579E+00  1.64545E+00  1.64497E+00  1.64461E+00  1.64449E+00  1.64451E+00  1.64457E+00  1.64461E+00  1.64462E+00  1.64461E+00  1.64453E+00  1.64435E+00  1.64402E+00  1.64355E+00  1.64312E+00  1.64296E+00  1.64317E+00
  1.64503E+00  1.64484E+00  1.64462E+00  1.64449E+00  1.64448E+00  1.64453E+00  1.64459E+00  1.64462E+00  1.64462E+00  1.64460E+00  1.64453E+00  1.64440E+00  1.64421E+00  1.64399E+00  1.64383E+00  1.64381E+00  1.64396E+00
  1.64472E+00  1.64463E+00  1.64455E+00  1.64451E+00  1.64453E+00  1.64458E+00  1.64461E+00  1.64462E+00  1.64462E+00  1.64458E+00  1.64449E+00  1.64435E+00  1.64419E+00  1.64408E+00  1.64406E+00  1.64415E+00  1.64430E+00
  1.64464E+00  1.64460E+00  1.64458E+00  1.64457E+00  1.64459E+00  1.64461E+00  1.64463E+00  1.64463E+00  1.64461E+00  1.64455E+00  1.64443E+00  1.64426E+00  1.64408E+00  1.64399E+00  1.64405E+00  1.64421E+00  1.64438E+00
  1.64463E+00  1.64462E+00  1.64462E+00  1.64462E+00  1.64462E+00  1.64463E+00  1.64463E+00  1.64463E+00  1.64461E+00  1.64454E+00  1.64441E+00  1.64422E+00  1.64402E+00  1.64394E+00  1.64402E+00  1.64420E+00  1.64440E+00
  1.64464E+00  1.64463E+00  1.64463E+00  1.64463E+00  1.64464E+00  1.64464E+00  1.64464E+00  1.64463E+00  1.64461E+00  1.64455E+00  1.64444E+00  1.64427E+00  1.64410E+00  1.64403E+00  1.64410E+00  1.64426E+00  1.64444E+00

  1.64465E+00  1.64465E+00  1.64465E+00  1.64464E+00  1.64464E+00  1.64464E+00  1.64464E+00  1.64464E+00  1.64464E+00  1.64464E+00  1.64464E+00  1.64464E+00  1.64464E+00  1.64464E+00  1.64463E+00  1.64463E+00  1.64463E+00
  1.64470E+00  1.64469E+00  1.64467E+00  1.64466E+00  1.64465E+00  1.64464E+00  1.64464E+00  1.64464E+00  1.64464E+00  1.64464E+00  1.64464E+00  1.64463E+00  1.64462E+00  1.64461E+00  1.64460E+00  1.64459E+00  1.64460E+00
  1.64491E+00  1.64488E+00  1.64481E+00  1.64473E+00  1.64468E+00  1.64465E+00  1.64464E+00  1.64464E+00  1.64464E+00  1.64464E+00  1.64463E+00  1.64461E+00  1.64456E+00  1.64450E+00  1.64444E+00  1.64441E+00  1.64444E+00
  1.64568E+00  1.64556E+00  1.64527E+00  1.64498E+00  1.64478E+00  1.64469E+00  1.64465E+00  1.64464E+00  1.64464E+00  1.64463E+00  1.64460E+00  1.64452E+00  1.64435E+00  1.64410E+00  1.64386E+00  1.64376E+00  1.64386E+00
  1.64777E+00  1.64739E+00  1.64652E+00  1.64564E+00  1.64505E+00  1.64477E+00  1.64467E+00  1.64464E+00  1.64463E+00  1.64461E+00  1.64452E+00  1.64427E+00  1.64376E+00  1.64302E+00  1.64230E+00  1.64200E+00  1.64230E+00
  1.65196E+00  1.65105E+00  1.64900E+00  1.64694E+00  1.64557E+00  1.64492E+00  1.64470E+00  1.64465E+00  1.64463E+00  1.64456E+00  1.64435E+00  1.64376E+00  1.64257E+00  1.64082E+00  1.63912E+00  1.63840E+00  1.63912E+00
  1.65801E+00  1.65626E+00  1.65246E+00  1.64867E+00  1.64621E+00  1.64508E+00  1.64472E+00  1.64464E+00  1.64461E+00  1.64450E+00  1.64410E+00  1.64302E+00  1.64082E+00  1.63759E+00  1.63446E+00  1.63314E+00  1.63446E+00
  1.66361E+00  1.66094E+00  1.65538E+00  1.64998E+00  1.64657E+00  1.64510E+00  1.64468E+00  1.64462E+00  1.64459E+00  1.64444E+00  1.64386E+00  1.64230E+00  1.63912E+00  1.63446E+00  1.62994E+00  1.62803E+00  1.62994E+00
  1.66547E+00  1.66218E+00  1.65578E+00  1.64979E+00  1.64621E+00  1.64483E+00  1.64455E+00  1.64457E+00  1.64457E+00  1.64441E+00  1.64376E+00  1.64199E+00  1.63840E+00  1.63313E+00  1.62802E+00  1.62586E+00  1.62802E+00
  1.66218E+00  1.65887E+00  1.65304E+00  1.64791E+00  1.64513E+00  1.64432E+00  1.64435E+00  1.64451E+00  1.64456E+00  1.64442E+00  1.64385E+00  1.64227E+00  1.63909E+00  1.63442E+00  1.62991E+00  1.62800E+00  1.62993E+00
  1.65578E+00  1.65304E+00  1.64881E+00  1.64545E+00  1.64398E+00  1.64387E+00  1.64421E+00  1.64447E+00  1.64456E+00  1.64447E+00  1.64405E+00  1.64292E+00  1.64068E+00  1.63743E+00  1.63432E+00  1.63304E+00  1.63441E+00
  1.64979E+00  1.64791E+00  1.64545E+00  1.64379E+00  1.64339E+00  1.64374E+00  1.64420E+00  1.64447E+00  1.64456E+00  1.64449E+00  1.64419E+00  1.64347E+00  1.64215E+00  1.64034E+00  1.63870E+00  1.63811E+00  1.63896E+00
  1.64621E+00  1.64513E+00  1.64398E+00  1.64339E+00  1.64349E+00  1.64392E+00  1.64431E+00  1.64451E+00  1.64455E+00  1.64444E+00  1.64414E+00  1.64358E+00  1.64276E+00  1.64189E+00  1.64130E+00  1.64130E+00  1.64193E+00
  1.64483E+00  1.64432E+00  1.64387E+00  1.64374E+00  1.64392E+00  1.64422E+00  1.64445E+00  1.64455E+00  1.64452E+00  1.64433E+00  1.64391E+00  1.64324E+00  1.64251E+00  1.64202E+00  1.64202E+00  1.64249E+00  1.64317E+00
  1.64455E+00  1.64435E+00  1.64421E+00  1.64420E+00  1.64431E+00  1.64445E+00  1.64455E+00  1.64458E+00  1.64449E+00  1.64421E+00  1.64363E+00  1.64277E+00  1.64190E+00  1.64149E+00  1.64178E+00  1.64257E+00  1.64344E+00
  1.64457E+00  1.64451E+00  1.64448E+00  1.64448E+00  1.64453E+00  1.64458E+00  1.64460E+00  1.64459E+00  1.64448E+00  1.64416E+00  1.64351E+00  1.64255E+00  1.64162E+00  1.64121E+00  1.64159E+00  1.64251E+00  1.64347E+00
  1.64462E+00  1.64460E+00  1.64459E+00  1.64460E+00  1.64461E+00  1.64462E+00  1.64463E+00  1.64460E+00  1.64450E+00  1.64422E+00  1.64364E+00  1.64280E+00  1.64198E+00  1.64163E+00  1.64197E+00  1.64279E+00  1.64364E+00

  1.64467E+00  1.64467E+00  1.64466E+00  1.64465E+00  1.64464E+00  1.64464E+00  1.64464E+00  1.64464E+00  1.64464E+00  1.64464E+00  1.64464E+00  1.64464E+00  1.64463E+00  1.64463E+00  1.64462E+00  1.64462E+00  1.64462E+00
  1.64485E+00  1.64483E+00  1.64477E+00  1.64471E+00  1.64467E+00  1.64465E+00  1.64464E+00  1.64464E+00  1.64464E+00  1.64464E+00  1.64463E+00  1.64462E+00  1.64459E+00  1.64455E+00  1.64452E+00  1.64450E+00  1.64452E+00
  1.64568E+00  1.64556E+00  1.64527E+00  1.64498E+00  1.64478E+00  1.64469E+00  1.64465E+00  1.64464E+00  1.64464E+00  1.64463E+00  1.64461E+00  1.64454E+00  1.64441E+00  1.64422E+00  1.64403E+00  1.64395E+00  1.64403E+00
  1.64864E+00  1.64816E+00  1.64706E+00  1.64593E+00  1.64518E+00  1.64481E+00  1.64468E+00  1.64465E+00  1.64463E+00  1.64461E+00  1.64452E+00  1.64427E+00  1.64376E+00  1.64302E+00  1.64230E+00  1.64200E+00  1.64230E+00
  1.65664E+00  1.65517E+00  1.65183E+00  1.64845E+00  1.64620E+00  1.64512E+00  1.64475E+00  1.64466E+00  1.64462E+00  1.64454E+00  1.64427E+00  1.64352E+00  1.64200E+00  1.63976E+00  1.63759E+00  1.63667E+00  1.63759E+00
  1.67269E+00  1.66912E+00  1.66121E+00  1.65329E+00  1.64808E+00  1.64566E+00  1.64485E+00  1.64466E+00  1.64459E+00  1.64441E+00  1.64376E+00  1.64199E+00  1.63840E+00  1.63314E+00  1.62803E+00  1.62586E+00  1.62803E+00
  1.69569E+00  1.68880E+00  1.67408E+00  1.65959E+00  1.65029E+00  1.64614E+00  1.64487E+00  1.64462E+00  1.64454E+00  1.64421E+00  1.64302E+00  1.63976E+00  1.63314E+00  1.62341E+00  1.61399E+00  1.60999E+00  1.61399E+00
  1.71672E+00  1.70604E+00  1.68447E+00  1.66386E+00  1.65115E+00  1.64591E+00  1.64459E+00  1.64449E+00  1.64446E+00  1.64402E+00  1.64230E+00  1.63759E+00  1.62802E+00  1.61398E+00  1.60037E+00  1.59460E+00  1.60037E+00
  1.72308E+00  1.70966E+00  1.68472E+00  1.66198E+00  1.64896E+00  1.64443E+00  1.64389E+00  1.64423E+00  1.64438E+00  1.64392E+00  1.64198E+00  1.63665E+00  1.62583E+00  1.60996E+00  1.59458E+00  1.58807E+00  1.59460E+00
  1.70966E+00  1.69584E+00  1.67295E+00  1.65366E+00  1.64409E+00  1.64208E+00  1.64297E+00  1.64394E+00  1.64431E+00  1.64397E+00  1.64224E+00  1.63749E+00  1.62789E+00  1.61383E+00  1.60023E+00  1.59451E+00  1.60032E+00
  1.68472E+00  1.67295E+00  1.65616E+00  1.64374E+00  1.63931E+00  1.64019E+00  1.64234E+00  1.64377E+00  1.64429E+00  1.64408E+00  1.64281E+00  1.63938E+00  1.63260E+00  1.62280E+00  1.61345E+00  1.60962E+00  1.61379E+00
  1.66198E+00  1.65366E+00  1.64374E+00  1.63783E+00  1.63737E+00  1.63985E+00  1.64238E+00  1.64382E+00  1.64429E+00  1.64411E+00  1.64314E+00  1.64087E+00  1.63678E+00  1.63129E+00  1.62640E+00  1.62473E+00  1.62742E+00
  1.64896E+00  1.64409E+00  1.63931E+00  1.63737E+00  1.63852E+00  1.64096E+00  1.64298E+00  1.64402E+00  1.64427E+00  1.64390E+00  1.64282E+00  1.64086E+00  1.63815E+00  1.63542E+00  1.63375E+00  1.63401E+00  1.63615E+00
  1.64443E+00  1.64208E+00  1.64019E+00  1.63985E+00  1.64097E+00  1.64253E+00  1.64369E+00  1.64423E+00  1.64418E+00  1.64346E+00  1.64185E+00  1.63936E+00  1.63668E+00  1.63501E+00  1.63521E+00  1.63709E+00  1.63964E+00
  1.64389E+00  1.64297E+00  1.64234E+00  1.64239E+00  1.64299E+00  1.64371E+00  1.64421E+00  1.64436E+00  1.64406E+00  1.64300E+00  1.64077E+00  1.63746E+00  1.63418E+00  1.63265E+00  1.63380E+00  1.63687E+00  1.64019E+00
  1.64426E+00  1.64397E+00  1.64380E+00  1.64385E+00  1.64407E+00  1.64432E+00  1.64447E+00  1.64444E+00  1.64402E+00  1.64279E+00  1.64029E+00  1.63661E+00  1.63303E+00  1.63148E+00  1.63295E+00  1.63649E+00  1.64018E+00
  1.64452E+00  1.64445E+00  1.64441E+00  1.64443E+00  1.64449E+00  1.64455E+00  1.64458E+00  1.64449E+00  1.64410E+00  1.64301E+00  1.64080E+00  1.63755E+00  1.63440E+00  1.63306E+00  1.63439E+00  1.63753E+00  1.64078E+00

  1.64474E+00  1.64473E+00  1.64470E+00  1.64467E+00  1.64465E+00  1.64464E+00  1.64464E+00  1.64464E+00  1.64464E+00  1.64464E+00  1.64464E+00  1.64463E+00  1.64462E+00  1.64461E+00  1.64459E+00  1.64459E+00  1.64459E+00
  1.64528E+00  1.64520E+00  1.64503E+00  1.64485E+00  1.64473E+00  1.64467E+00  1.64465E+00  1.64464E+00  1.64464E+00  1.64464E+00  1.64462E+00  1.64459E+00  1.64453E+00  1.64444E+00  1.64435E+00  1.64431E+00  1.64435E+00
  1.64778E+00  1.64741E+00  1.64654E+00  1.64566E+00  1.64507E+00  1.64478E+00  1.64467E+00  1.64465E+00  1.64464E+00  1.64462E+00  1.64456E+00  1.64441E+00  1.64410E+00  1.64365E+00  1.64321E+00  1.64302E+00  1.64321E+00
  1.65667E+00  1.65522E+00  1.65189E+00  1.64850E+00  1.64623E+00  1.64514E+00  1.64476E+00  1.64466E+00  1.64463E+00  1.64456E+00  1.64435E+00  1.64376E+00  1.64257E+00  1.64082E+00  1.63912E+00  1.63840E+00  1.63912E+00
  1.68064E+00  1.67616E+00  1.66609E+00  1.65593E+00  1.64920E+00  1.64603E+00  1.64495E+00  1.64468E+00  1.64460E+00  1.64441E+00  1.64376E+00  1.64199E+00  1.63840E+00  1.63314E+00  1.62803E+00  1.62586E+00  1.62803E+00
  1.72861E+00  1.71764E+00  1.69374E+00  1.66997E+00  1.65449E+00  1.64743E+00  1.64516E+00  1.64466E+00  1.64452E+00  1.64410E+00  1.64257E+00  1.63840E+00  1.62994E+00  1.61752E+00  1.60548E+00  1.60037E+00  1.60548E+00
  1.79689E+00  1.77546E+00  1.73085E+00  1.68749E+00  1.66014E+00  1.64833E+00  1.64498E+00  1.64447E+00  1.64436E+00  1.64363E+00  1.64082E+00  1.63313E+00  1.61752E+00  1.59460E+00  1.57238E+00  1.56297E+00  1.57238E+00
  1.85818E+00  1.82443E+00  1.75882E+00  1.69739E+00  1.66069E+00  1.64654E+00  1.64367E+00  1.64392E+00  1.64411E+00  1.64315E+00  1.63911E+00  1.62802E+00  1.60546E+00  1.57237E+00  1.54028E+00  1.52669E+00  1.54029E+00
  1.87435E+00  1.83101E+00  1.75465E+00  1.68742E+00  1.65112E+00  1.64047E+00  1.64087E+00  1.64293E+00  1.64381E+00  1.64290E+00  1.63835E+00  1.62580E+00  1.60029E+00  1.56287E+00  1.52661E+00  1.51127E+00  1.52667E+00
  1.83101E+00  1.78519E+00  1.71446E+00  1.65815E+00  1.63352E+00  1.63182E+00  1.63743E+00  1.64184E+00  1.64355E+00  1.64297E+00  1.63894E+00  1.62773E+00  1.60505E+00  1.57191E+00  1.53987E+00  1.52640E+00  1.54014E+00
  1.75465E+00  1.71446E+00  1.66190E+00  1.62649E+00  1.61790E+00  1.62544E+00  1.63526E+00  1.64123E+00  1.64344E+00  1.64320E+00  1.64018E+00  1.63200E+00  1.61589E+00  1.59276E+00  1.57076E+00  1.56184E+00  1.57177E+00
  1.68742E+00  1.65815E+00  1.62649E+00  1.61047E+00  1.61330E+00  1.62510E+00  1.63567E+00  1.64145E+00  1.64344E+00  1.64315E+00  1.64070E+00  1.63500E+00  1.62504E+00  1.61198E+00  1.60057E+00  1.59698E+00  1.60364E+00
  1.65112E+00  1.63352E+00  1.61790E+00  1.61330E+00  1.61968E+00  1.63002E+00  1.63813E+00  1.64226E+00  1.64340E+00  1.64245E+00  1.63940E+00  1.63398E+00  1.62684E+00  1.62006E+00  1.61646E+00  1.61785E+00  1.62369E+00
  1.64047E+00  1.63182E+00  1.62544E+00  1.62510E+00  1.63003E+00  1.63635E+00  1.64097E+00  1.64313E+00  1.64318E+00  1.64110E+00  1.63633E+00  1.62898E+00  1.62123E+00  1.61670E+00  1.61778E+00  1.62363E+00  1.63111E+00
  1.64087E+00  1.63743E+00  1.63527E+00  1.63569E+00  1.63816E+00  1.64102E+00  1.64300E+00  1.64369E+00  1.64287E+00  1.63969E+00  1.63299E+00  1.62307E+00  1.61328E+00  1.60881E+00  1.61239E+00  1.62168E+00  1.63164E+00
  1.64298E+00  1.64189E+00  1.64128E+00  1.64153E+00  1.64243E+00  1.64341E+00  1.64402E+00  1.64399E+00  1.64275E+00  1.63908E+00  1.63155E+00  1.62047E+00  1.60970E+00  1.60507E+00  1.60952E+00  1.62019E+00  1.63128E+00
  1.64414E+00  1.64387E+00  1.64373E+00  1.64381E+00  1.64405E+00  1.64431E+00  1.64442E+00  1.64417E+00  1.64300E+00  1.63973E+00  1.63307E+00  1.62329E+00  1.61381E+00  1.60977E+00  1.61378E+00  1.62325E+00  1.63303E+00

  1.64488E+00  1.64485E+00  1.64479E+00  1.64472E+00  1.64467E+00  1.64465E+00  1.64464E+00  1.64464E+00  1.64464E+00  1.64464E+00  1.64464E+00  1.64463E+00  1.64461E+00  1.64458E+00  1.64455E+00  1.64454E+00  1.64455E+00
  1.64615E+00  1.64597E+00  1.64556E+00  1.64513E+00  1.64485E+00  1.64471E+00  1.64466E+00  1.64464E+00  1.64464E+00  1.64463E+00  1.64461E+00  1.64455E+00  1.64444E+00  1.64427E+00  1.64410E+00  1.64403E+00  1.64410E+00
  1.65203E+00  1.65114E+00  1.64911E+00  1.64703E+00  1.64563E+00  1.64496E+00  1.64472E+00  1.64465E+00  1.64463E+00  1.64460E+00  1.64450E+00  1.64422E+00  1.64365E+00  1.64281E+00  1.64200E+00  1.64165E+00  1.64200E+00
  1.67292E+00  1.66945E+00  1.66159E+00  1.65362E+00  1.64831E+00  1.64578E+00  1.64490E+00  1.64468E+00  1.64462E+00  1.64450E+00  1.64410E+00  1.64302E+00  1.64082E+00  1.63759E+00  1.63446E+00  1.63314E+00  1.63446E+00
  1.72911E+00  1.71837E+00  1.69455E+00  1.67069E+00  1.65499E+00  1.64770E+00  1.64527E+00  1.64470E+00  1.64455E+00  1.64422E+00  1.64302E+00  1.63976E+00  1.63314E+00  1.62341E+00  1.61399E+00  1.60999E+00  1.61399E+00
  1.84108E+00  1.81456E+00  1.75792E+00  1.70216E+00  1.66636E+00  1.65040E+00  1.64552E+00  1.64458E+00  1.64438E+00  1.64363E+00  1.64082E+00  1.63314E+00  1.61752E+00  1.59461E+00  1.57238E+00  1.56297E+00  1.57239E+00
  1.99900E+00  1.94648E+00  1.84046E+00  1.73911E+00  1.67664E+00  1.65088E+00  1.64440E+00  1.64392E+00  1.64400E+00  1.64274E+00  1.63758E+00  1.62341E+00  1.59460E+00  1.55232E+00  1.51132E+00  1.49395E+00  1.51133E+00
  2.13734E+00  2.05303E+00  1.89635E+00  1.75356E+00  1.67180E+00  1.64334E+00  1.63991E+00  1.64214E+00  1.64334E+00  1.64182E+00  1.63442E+00  1.61396E+00  1.57235E+00  1.51129E+00  1.45209E+00  1.42701E+00  1.45211E+00
  2.16640E+00  2.05550E+00  1.87179E+00  1.71701E+00  1.64020E+00  1.62412E+00  1.63122E+00  1.63913E+00  1.64246E+00  1.64128E+00  1.63300E+00  1.60985E+00  1.56277E+00  1.49372E+00  1.42683E+00  1.39853E+00  1.42696E+00
  2.05550E+00  1.93485E+00  1.76277E+00  1.63538E+00  1.58997E+00  1.59898E+00  1.62109E+00  1.63588E+00  1.64166E+00  1.64133E+00  1.63401E+00  1.61329E+00  1.57139E+00  1.51020E+00  1.45112E+00  1.42634E+00  1.45175E+00
  1.87179E+00  1.76277E+00  1.63282E+00  1.55540E+00  1.54942E+00  1.58193E+00  1.61514E+00  1.63415E+00  1.64127E+00  1.64162E+00  1.63606E+00  1.62074E+00  1.59076E+00  1.54798E+00  1.50749E+00  1.49129E+00  1.50989E+00
  1.71701E+00  1.63538E+00  1.55540E+00  1.52299E+00  1.54229E+00  1.58314E+00  1.61695E+00  1.63495E+00  1.64130E+00  1.64128E+00  1.63639E+00  1.62512E+00  1.60595E+00  1.58153E+00  1.56082E+00  1.55496E+00  1.56804E+00
  1.64020E+00  1.58997E+00  1.54942E+00  1.54229E+00  1.56608E+00  1.59949E+00  1.62475E+00  1.63753E+00  1.64134E+00  1.63951E+00  1.63273E+00  1.62087E+00  1.60587E+00  1.59260E+00  1.58672E+00  1.59111E+00  1.60376E+00
  1.62412E+00  1.59898E+00  1.58194E+00  1.58315E+00  1.59950E+00  1.61930E+00  1.63353E+00  1.64025E+00  1.64098E+00  1.63629E+00  1.62519E+00  1.60818E+00  1.59052E+00  1.58073E+00  1.58416E+00  1.59830E+00  1.61558E+00
  1.63123E+00  1.62111E+00  1.61516E+00  1.61699E+00  1.62482E+00  1.63364E+00  1.63972E+00  1.64205E+00  1.64037E+00  1.63294E+00  1.61722E+00  1.59391E+00  1.57100E+00  1.56070E+00  1.56935E+00  1.59135E+00  1.61473E+00
  1.63923E+00  1.63598E+00  1.63426E+00  1.63514E+00  1.63792E+00  1.64091E+00  1.64282E+00  1.64297E+00  1.64015E+00  1.63152E+00  1.61379E+00  1.58769E+00  1.56233E+00  1.55146E+00  1.56199E+00  1.58717E+00  1.61328E+00
  1.64308E+00  1.64225E+00  1.64185E+00  1.64212E+00  1.64287E+00  1.64364E+00  1.64402E+00  1.64350E+00  1.64076E+00  1.63306E+00  1.61737E+00  1.59432E+00  1.57196E+00  1.56247E+00  1.57191E+00  1.59424E+00  1.61729E+00

  1.64508E+00  1.64503E+00  1.64491E+00  1.64479E+00  1.64470E+00  1.64466E+00  1.64465E+00  1.64464E+00  1.64464E+00  1.64464E+00  1.64463E+00  1.64462E+00  1.64459E+00  1.64455E+00  1.64452E+00  1.64450E+00  1.64452E+00
  1.64742E+00  1.64709E+00  1.64632E+00  1.64554E+00  1.64502E+00  1.64476E+00  1.64467E+00  1.64465E+00  1.64464E+00  1.64463E+00  1.64460E+00  1.64452E+00  1.64435E+00  1.64410E+00  1.64386E+00  1.64376E+00  1.64386E+00
  1.65824E+00  1.65659E+00  1.65283E+00  1.64900E+00  1.64644E+00  1.64521E+00  1.64478E+00  1.64466E+00  1.64463E+00  1.64459E+00  1.64444E+00  1.64403E+00  1.64321E+00  1.64200E+00  1.64082E+00  1.64032E+00  1.64082E+00
  1.69663E+00  1.69015E+00  1.67561E+00  1.66094E+00  1.65122E+00  1.64664E+00  1.64508E+00  1.64470E+00  1.64460E+00  1.64444E+00  1.64386E+00  1.64230E+00  1.63912E+00  1.63446E+00  1.62994E+00  1.62803E+00  1.62994E+00
  1.79957E+00  1.77934E+00  1.73523E+00  1.69137E+00  1.66282E+00  1.64979E+00  1.64560E+00  1.64469E+00  1.64449E+00  1.64402E+00  1.64230E+00  1.63759E+00  1.62803E+00  1.61399E+00  1.60037E+00  1.59461E+00  1.60037E+00
  2.00353E+00  1.95302E+00  1.84786E+00  1.74565E+00  1.68117E+00  1.65334E+00  1.64544E+00  1.64428E+00  1.64417E+00  1.64316E+00  1.63911E+00  1.62803E+00  1.60548E+00  1.57238E+00  1.54029E+00  1.52670E+00  1.54030E+00
  2.28777E+00  2.18612E+00  1.98850E+00  1.80351E+00  1.69299E+00  1.65037E+00  1.64174E+00  1.64251E+00  1.64340E+00  1.64183E+00  1.63443E+00  1.61398E+00  1.57238E+00  1.51132E+00  1.45211E+00  1.42703E+00  1.45212E+00
  2.52850E+00  2.36176E+00  2.06794E+00  1.80923E+00  1.66957E+00  1.62858E+00  1.63013E+00  1.63814E+00  1.64195E+00  1.64039E+00  1.62985E+00  1.60032E+00  1.54023E+00  1.45205E+00  1.36656E+00  1.33035E+00  1.36660E+00
  2.56085E+00  2.33560E+00  1.98790E+00  1.71107E+00  1.58999E+00  1.58160E+00  1.60919E+00  1.63096E+00  1.63994E+00  1.63945E+00  1.62775E+00  1.59433E+00  1.52632E+00  1.42661E+00  1.33001E+00  1.28917E+00  1.33025E+00
  2.33560E+00  2.08319E+00  1.75307E+00  1.53066E+00  1.47667E+00  1.52403E+00  1.58577E+00  1.62338E+00  1.63803E+00  1.63933E+00  1.62906E+00  1.59907E+00  1.53845E+00  1.45004E+00  1.36478E+00  1.32911E+00  1.36593E+00
  1.98790E+00  1.75307E+00  1.49902E+00  1.37046E+00  1.39312E+00  1.48783E+00  1.57276E+00  1.61950E+00  1.63706E+00  1.63948E+00  1.63158E+00  1.60905E+00  1.56530E+00  1.50332E+00  1.44503E+00  1.42212E+00  1.44946E+00
  1.71107E+00  1.53066E+00  1.37046E+00  1.32329E+00  1.38869E+00  1.49479E+00  1.57810E+00  1.62161E+00  1.63720E+00  1.63855E+00  1.63090E+00  1.61322E+00  1.58413E+00  1.54826E+00  1.51896E+00  1.51192E+00  1.53229E+00
  1.58999E+00  1.47667E+00  1.39312E+00  1.38869E+00  1.45321E+00  1.53612E+00  1.59720E+00  1.62792E+00  1.63761E+00  1.63512E+00  1.62326E+00  1.60273E+00  1.57772E+00  1.55713E+00  1.55007E+00  1.55977E+00  1.58150E+00
  1.58160E+00  1.52403E+00  1.48784E+00  1.49481E+00  1.53615E+00  1.58419E+00  1.61827E+00  1.63453E+00  1.63731E+00  1.62913E+00  1.60892E+00  1.57800E+00  1.54630E+00  1.52955E+00  1.53713E+00  1.56376E+00  1.59511E+00
  1.60921E+00  1.58579E+00  1.57280E+00  1.57818E+00  1.59736E+00  1.61850E+00  1.63301E+00  1.63895E+00  1.63646E+00  1.62297E+00  1.59406E+00  1.55120E+00  1.50917E+00  1.49049E+00  1.50679E+00  1.54751E+00  1.59052E+00
  1.63111E+00  1.62354E+00  1.61970E+00  1.62198E+00  1.62866E+00  1.63579E+00  1.64040E+00  1.64120E+00  1.63620E+00  1.62037E+00  1.58769E+00  1.53959E+00  1.49284E+00  1.47286E+00  1.49236E+00  1.53885E+00  1.58700E+00
  1.64084E+00  1.63891E+00  1.63798E+00  1.63865E+00  1.64043E+00  1.64225E+00  1.64323E+00  1.64240E+00  1.63740E+00  1.62323E+00  1.59430E+00  1.55180E+00  1.51056E+00  1.49305E+00  1.51048E+00  1.55169E+00  1.59421E+00

  1.64528E+00  1.64520E+00  1.64503E+00  1.64485E+00  1.64473E+00  1.64467E+00  1.64465E+00  1.64464E+00  1.64464E+00  1.64464E+00  1.64463E+00  1.64462E+00  1.64459E+00  1.64454E+00  1.64450E+00  1.64448E+00  1.64450E+00
  1.64864E+00  1.64816E+00  1.64706E+00  1.64593E+00  1.64518E+00  1.64481E+00  1.64468E+00  1.64465E+00  1.64464E+00  1.64463E+00  1.64459E+00  1.64450E+00  1.64431E+00  1.64403E+00  1.64376E+00  1.64365E+00  1.64376E+00
  1.66422E+00  1.66182E+00  1.65638E+00  1.65086E+00  1.64718E+00  1.64543E+00  1.64482E+00  1.64467E+00  1.64463E+00  1.64458E+00  1.64441E+00  1.64395E+00  1.64302E+00  1.64165E+00  1.64032E+00  1.63976E+00  1.64032E+00
  1.71937E+00  1.70987E+00  1.68880E+00  1.66768E+00  1.65380E+00  1.64735E+00  1.64520E+00  1.64470E+00  1.64459E+00  1.64441E+00  1.64376E+00  1.64199E+00  1.63840E+00  1.63314E+00  1.62803E+00  1.62586E+00  1.62803E+00
  1.86668E+00  1.83670E+00  1.77269E+00  1.70966E+00  1.66919E+00  1.65115E+00  1.64563E+00  1.64459E+00  1.64444E+00  1.64393E+00  1.64199E+00  1.63667E+00  1.62586E+00  1.60999E+00  1.59461E+00  1.58809E+00  1.59461E+00
  2.15638E+00  2.08053E+00  1.92743E+00  1.78106E+00  1.69085E+00  1.65366E+00  1.64429E+00  1.64363E+00  1.64393E+00  1.64292E+00  1.63839E+00  1.62586E+00  1.60037E+00  1.56297E+00  1.52670E+00  1.51133E+00  1.52670E+00
  2.55368E+00  2.39813E+00  2.10905E+00  1.84560E+00  1.69475E+00  1.64223E+00  1.63592E+00  1.64009E+00  1.64262E+00  1.64133E+00  1.63308E+00  1.60998E+00  1.56296E+00  1.49394E+00  1.42702E+00  1.39867E+00  1.42703E+00
  2.87457E+00  2.61315E+00  2.18009E+00  1.81523E+00  1.63418E+00  1.59627E+00  1.61301E+00  1.63174E+00  1.64008E+00  1.63952E+00  1.62786E+00  1.59453E+00  1.52661E+00  1.42693E+00  1.33030E+00  1.28937E+00  1.33035E+00
  2.88203E+00  2.51867E+00  2.00041E+00  1.61677E+00  1.47999E+00  1.50713E+00  1.57374E+00  1.61838E+00  1.63642E+00  1.63816E+00  1.62541E+00  1.58768E+00  1.51078E+00  1.39806E+00  1.28889E+00  1.24261E+00  1.28923E+00
  2.51867E+00  2.09918E+00  1.59914E+00  1.30126E+00  1.27826E+00  1.40335E+00  1.53113E+00  1.60450E+00  1.63285E+00  1.63765E+00  1.62666E+00  1.59271E+00  1.52403E+00  1.42402E+00  1.32773E+00  1.28759E+00  1.32939E+00
  2.00041E+00  1.59914E+00  1.20593E+00  1.04660E+00  1.14144E+00  1.34229E+00  1.50858E+00  1.59760E+00  1.63100E+00  1.63740E+00  1.62885E+00  1.60284E+00  1.55272E+00  1.48238E+00  1.41680E+00  1.39159E+00  1.42319E+00
  1.61677E+00  1.30126E+00  1.04660E+00  1.00176E+00  1.15114E+00  1.36101E+00  1.51990E+00  1.60174E+00  1.63135E+00  1.63567E+00  1.62638E+00  1.60443E+00  1.56954E+00  1.52813E+00  1.49588E+00  1.48999E+00  1.51513E+00
  1.47999E+00  1.27827E+00  1.14146E+00  1.15116E+00  1.28233E+00  1.44123E+00  1.55608E+00  1.61357E+00  1.63248E+00  1.63049E+00  1.61431E+00  1.58626E+00  1.55318E+00  1.52787E+00  1.52196E+00  1.53778E+00  1.56734E+00
  1.50714E+00  1.40337E+00  1.34233E+00  1.36109E+00  1.44132E+00  1.53181E+00  1.59539E+00  1.62593E+00  1.63265E+00  1.62177E+00  1.59307E+00  1.54906E+00  1.50433E+00  1.48162E+00  1.49399E+00  1.53305E+00  1.57772E+00
  1.57376E+00  1.53118E+00  1.50869E+00  1.52011E+00  1.55644E+00  1.59582E+00  1.62276E+00  1.63429E+00  1.63188E+00  1.61289E+00  1.57143E+00  1.50979E+00  1.44942E+00  1.42285E+00  1.44676E+00  1.50573E+00  1.56768E+00
  1.61855E+00  1.60471E+00  1.59791E+00  1.60238E+00  1.61484E+00  1.62796E+00  1.63651E+00  1.63862E+00  1.63184E+00  1.60923E+00  1.56222E+00  1.49289E+00  1.42549E+00  1.39673E+00  1.42498E+00  1.49215E+00  1.56165E+00
  1.63745E+00  1.63390E+00  1.63223E+00  1.63348E+00  1.63673E+00  1.64004E+00  1.64186E+00  1.64088E+00  1.63381E+00  1.61348E+00  1.57181E+00  1.51051E+00  1.45100E+00  1.42575E+00  1.45094E+00  1.51045E+00  1.57186E+00

  1.64536E+00  1.64528E+00  1.64508E+00  1.64487E+00  1.64474E+00  1.64467E+00  1.64465E+00  1.64464E+00  1.64464E+00  1.64464E+00  1.64463E+00  1.64462E+00  1.64459E+00  1.64455E+00  1.64452E+00  1.64450E+00  1.64452E+00
  1.64916E+00  1.64861E+00  1.64736E+00  1.64609E+00  1.64524E+00  1.64483E+00  1.64469E+00  1.64465E+00  1.64464E+00  1.64463E+00  1.64460E+00  1.64452E+00  1.64435E+00  1.64410E+00  1.64386E+00  1.64376E+00  1.64386E+00
  1.66670E+00  1.66395E+00  1.65778E+00  1.65156E+00  1.64743E+00  1.64549E+00  1.64483E+00  1.64467E+00  1.64463E+00  1.64459E+00  1.64444E+00  1.64403E+00  1.64321E+00  1.64200E+00  1.64082E+00  1.64032E+00  1.64082E+00
  1.72861E+00  1.71764E+00  1.69374E+00  1.66997E+00  1.65449E+00  1.64743E+00  1.64516E+00  1.64467E+00  1.64459E+00  1.64443E+00  1.64386E+00  1.64230E+00  1.63912E+00  1.63446E+00  1.62994E+00  1.62803E+00  1.62994E+00
  1.89316E+00  1.85818E+00  1.78536E+00  1.71459E+00  1.66993E+00  1.65067E+00  1.64520E+00  1.64440E+00  1.64439E+00  1.64400E+00  1.64229E+00  1.63759E+00  1.62803E+00  1.61399E+00  1.60037E+00  1.59461E+00  1.60037E+00
  2.21362E+00  2.12369E+00  1.94886E+00  1.78519E+00  1.68742E+00  1.64971E+00  1.64208E+00  1.64279E+00  1.64373E+00  1.64306E+00  1.63910E+00  1.62802E+00  1.60548E+00  1.57238E+00  1.54029E+00  1.52670E+00  1.54030E+00
  2.64368E+00  2.45522E+00  2.12310E+00  1.83068E+00  1.67282E+00  1.62649E+00  1.62824E+00  1.63735E+00  1.64195E+00  1.64152E+00  1.63438E+00  1.61397E+00  1.57237E+00  1.51131E+00  1.45211E+00  1.42702E+00  1.45212E+00
  2.96776E+00  2.64247E+00  2.14035E+00  1.74057E+00  1.56571E+00  1.55359E+00  1.59345E+00  1.62497E+00  1.63836E+00  1.63963E+00  1.62971E+00  1.60028E+00  1.54019E+00  1.45201E+00  1.36652E+00  1.33032E+00  1.36658E+00
  2.92022E+00  2.45379E+00  1.84469E+00  1.43434E+00  1.33472E+00  1.42209E+00  1.53600E+00  1.60551E+00  1.63311E+00  1.63798E+00  1.62742E+00  1.59413E+00  1.52608E+00  1.42634E+00  1.32977E+00  1.28901E+00  1.33016E+00
  2.45379E+00  1.90023E+00  1.30137E+00  9.98306E-01  1.05168E+00  1.27492E+00  1.47511E+00  1.58551E+00  1.62785E+00  1.63698E+00  1.62822E+00  1.59819E+00  1.53727E+00  1.44871E+00  1.36361E+00  1.32830E+00  1.36549E+00
  1.84469E+00  1.30138E+00  8.18877E-01  6.76770E-01  8.73643E-01  1.19309E+00  1.44400E+00  1.57562E+00  1.62498E+00  1.63609E+00  1.62932E+00  1.60580E+00  1.56076E+00  1.49823E+00  1.44054E+00  1.41902E+00  1.44778E+00
  1.43435E+00  9.98316E-01  6.76787E-01  6.59651E-01  9.07706E-01  1.22652E+00  1.46163E+00  1.58148E+00  1.62523E+00  1.63353E+00  1.62504E+00  1.60361E+00  1.57054E+00  1.53297E+00  1.50544E+00  1.50257E+00  1.52722E+00
  1.33473E+00  1.05172E+00  8.73716E-01  9.07803E-01  1.11069E+00  1.34646E+00  1.51439E+00  1.59817E+00  1.62678E+00  1.62713E+00  1.61025E+00  1.58028E+00  1.54574E+00  1.52111E+00  1.51824E+00  1.53774E+00  1.56955E+00
  1.42211E+00  1.27499E+00  1.19328E+00  1.22685E+00  1.34681E+00  1.47907E+00  1.57112E+00  1.61563E+00  1.62733E+00  1.61686E+00  1.58556E+00  1.53680E+00  1.48739E+00  1.46313E+00  1.47841E+00  1.52311E+00  1.57308E+00
  1.53606E+00  1.47525E+00  1.44436E+00  1.46234E+00  1.51546E+00  1.57213E+00  1.61063E+00  1.62767E+00  1.62690E+00  1.60673E+00  1.56085E+00  1.49189E+00  1.42418E+00  1.39461E+00  1.42201E+00  1.48881E+00  1.55871E+00
  1.60570E+00  1.58582E+00  1.57627E+00  1.58284E+00  1.60059E+00  1.61899E+00  1.63086E+00  1.63438E+00  1.62755E+00  1.60288E+00  1.55054E+00  1.47273E+00  1.39685E+00  1.36440E+00  1.39655E+00  1.47251E+00  1.55105E+00
  1.63406E+00  1.62893E+00  1.62652E+00  1.62821E+00  1.63261E+00  1.63694E+00  1.63926E+00  1.63831E+00  1.63067E+00  1.60824E+00  1.56168E+00  1.49275E+00  1.42568E+00  1.39722E+00  1.42572E+00  1.49300E+00  1.56240E+00

  1.64528E+00  1.64520E+00  1.64503E+00  1.64485E+00  1.64473E+00  1.64467E+00  1.64465E+00  1.64464E+00  1.64464E+00  1.64464E+00  1.64464E+00  1.64463E+00  1.64461E+00  1.64458E+00  1.64455E+00  1.64454E+00  1.64455E+00
  1.64862E+00  1.64814E+00  1.64703E+00  1.64591E+00  1.64516E+00  1.64480E+00  1.64468E+00  1.64465E+00  1.64464E+00  1.64463E+00  1.64461E+00  1.64455E+00  1.64444E+00  1.64427E+00  1.64410E+00  1.64403E+00  1.64410E+00
  1.66406E+00  1.66159E+00  1.65612E+00  1.65063E+00  1.64702E+00  1.64534E+00  1.64479E+00  1.64466E+00  1.64463E+00  1.64460E+00  1.64450E+00  1.64422E+00  1.64365E+00  1.64281E+00  1.64200E+00  1.64165E+00  1.64200E+00
  1.71837E+00  1.70841E+00  1.68716E+00  1.66623E+00  1.65279E+00  1.64680E+00  1.64497E+00  1.64463E+00  1.64459E+00  1.64449E+00  1.64410E+00  1.64302E+00  1.64082E+00  1.63759E+00  1.63446E+00  1.63314E+00  1.63446E+00
  1.86173E+00  1.82955E+00  1.76461E+00  1.70251E+00  1.66424E+00  1.64847E+00  1.64449E+00  1.64422E+00  1.64439E+00  1.64418E+00  1.64301E+00  1.63976E+00  1.63314E+00  1.62341E+00  1.61399E+00  1.60999E+00  1.61399E+00
  2.13734E+00  2.05303E+00  1.89635E+00  1.75356E+00  1.67180E+00  1.64334E+00  1.63992E+00  1.64219E+00  1.64368E+00  1.64347E+00  1.64079E+00  1.63313E+00  1.61752E+00  1.59460E+00  1.57238E+00  1.56297E+00  1.57238E+00
  2.49632E+00  2.31530E+00  2.01542E+00  1.76277E+00  1.63739E+00  1.61114E+00  1.62273E+00  1.63574E+00  1.64172E+00  1.64225E+00  1.63750E+00  1.62339E+00  1.59459E+00  1.55231E+00  1.51132E+00  1.49395E+00  1.51132E+00
  2.73937E+00  2.41790E+00  1.95939E+00  1.61998E+00  1.49896E+00  1.52297E+00  1.58189E+00  1.62144E+00  1.63771E+00  1.64062E+00  1.63420E+00  1.61389E+00  1.57229E+00  1.51123E+00  1.45203E+00  1.42697E+00  1.45209E+00
  2.63257E+00  2.15841E+00  1.59320E+00  1.25649E+00  1.23047E+00  1.37182E+00  1.51623E+00  1.59922E+00  1.63170E+00  1.63892E+00  1.63245E+00  1.60952E+00  1.56240E+00  1.49333E+00  1.42648E+00  1.39830E+00  1.42683E+00
  2.15842E+00  1.57893E+00  1.01106E+00  7.80916E-01  9.17782E-01  1.20767E+00  1.44770E+00  1.57636E+00  1.62542E+00  1.63741E+00  1.63258E+00  1.61191E+00  1.56963E+00  1.50827E+00  1.44944E+00  1.42518E+00  1.45112E+00
  1.59321E+00  1.01107E+00  5.40470E-01  4.58263E-01  7.33562E-01  1.12033E+00  1.41313E+00  1.56447E+00  1.62129E+00  1.63556E+00  1.63223E+00  1.61579E+00  1.58413E+00  1.54064E+00  1.50104E+00  1.48685E+00  1.50748E+00
  1.25650E+00  7.80956E-01  4.58330E-01  4.80829E-01  7.89278E-01  1.16278E+00  1.43276E+00  1.56936E+00  1.61994E+00  1.63170E+00  1.62671E+00  1.61072E+00  1.58621E+00  1.55954E+00  1.54146E+00  1.54159E+00  1.56081E+00
  1.23051E+00  9.17907E-01  7.33842E-01  7.89649E-01  1.02990E+00  1.30053E+00  1.49078E+00  1.58552E+00  1.61953E+00  1.62403E+00  1.61185E+00  1.58767E+00  1.55969E+00  1.54094E+00  1.54119E+00  1.55963E+00  1.58670E+00
  1.37190E+00  1.20795E+00  1.12103E+00  1.16401E+00  1.30182E+00  1.45061E+00  1.55284E+00  1.60262E+00  1.61840E+00  1.61311E+00  1.58864E+00  1.54780E+00  1.50574E+00  1.48565E+00  1.50025E+00  1.54025E+00  1.58414E+00
  1.51637E+00  1.44817E+00  1.41438E+00  1.43522E+00  1.49423E+00  1.55577E+00  1.59662E+00  1.61524E+00  1.61768E+00  1.60349E+00  1.56628E+00  1.50760E+00  1.44901E+00  1.42359E+00  1.44827E+00  1.50756E+00  1.56933E+00
  1.59948E+00  1.57704E+00  1.56622E+00  1.57306E+00  1.59150E+00  1.60972E+00  1.62068E+00  1.62420E+00  1.61993E+00  1.60107E+00  1.55769E+00  1.49085E+00  1.42477E+00  1.39664E+00  1.42519E+00  1.49249E+00  1.56198E+00
  1.63248E+00  1.62664E+00  1.62373E+00  1.62507E+00  1.62880E+00  1.63187E+00  1.63280E+00  1.63153E+00  1.62574E+00  1.60789E+00  1.56871E+00  1.50911E+00  1.45047E+00  1.42559E+00  1.45092E+00  1.51049E+00  1.57190E+00

  1.64508E+00  1.64503E+00  1.64491E+00  1.64478E+00  1.64470E+00  1.64466E+00  1.64464E+00  1.64464E+00  1.64464E+00  1.64464E+00  1.64464E+00  1.64463E+00  1.64462E+00  1.64461E+00  1.64459E+00  1.64459E+00  1.64459E+00
  1.64739E+00  1.64705E+00  1.64628E+00  1.64550E+00  1.64499E+00  1.64475E+00  1.64466E+00  1.64464E+00  1.64464E+00  1.64464E+00  1.64462E+00  1.64459E+00  1.64453E+00  1.64444E+00  1.64435E+00  1.64431E+00  1.64435E+00
  1.65801E+00  1.65626E+00  1.65246E+00  1.64867E+00  1.64621E+00  1.64508E+00  1.64472E+00  1.64465E+00  1.64463E+00  1.64462E+00  1.64456E+00  1.64441E+00  1.64410E+00  1.64365E+00  1.64321E+00  1.64302E+00  1.64321E+00
  1.69519E+00  1.68808E+00  1.67327E+00  1.65887E+00  1.64979E+00  1.64587E+00  1.64475E+00  1.64459E+00  1.64460E+00  1.64456E+00  1.64435E+00  1.64376E+00  1.64257E+00  1.64082E+00  1.63912E+00  1.63840E+00  1.63912E+00
  1.79251E+00  1.76914E+00  1.72370E+00  1.68117E+00  1.65576E+00  1.64596E+00  1.64397E+00  1.64416E+00  1.64443E+00  1.64437E+00  1.64376E+00  1.64199E+00  1.63840E+00  1.63314E+00  1.62803E+00  1.62586E+00  1.62803E+00
  1.97636E+00  1.91378E+00  1.80351E+00  1.70641E+00  1.65400E+00  1.63861E+00  1.63920E+00  1.64223E+00  1.64381E+00  1.64394E+00  1.64254E+00  1.63840E+00  1.62994E+00  1.61752E+00  1.60548E+00  1.60037E+00  1.60548E+00
  2.20594E+00  2.06794E+00  1.85493E+00  1.68533E+00  1.61115E+00  1.60601E+00  1.62292E+00  1.63630E+00  1.64209E+00  1.64314E+00  1.64073E+00  1.63311E+00  1.61751E+00  1.59459E+00  1.57238E+00  1.56296E+00  1.57238E+00
  2.33560E+00  2.08319E+00  1.75306E+00  1.53065E+00  1.47663E+00  1.52396E+00  1.58568E+00  1.62337E+00  1.63850E+00  1.64191E+00  1.63885E+00  1.62792E+00  1.60539E+00  1.57230E+00  1.54023E+00  1.52665E+00  1.54027E+00
  2.20494E+00  1.82162E+00  1.40692E+00  1.19702E+00  1.23389E+00  1.38835E+00  1.52687E+00  1.60330E+00  1.63290E+00  1.64031E+00  1.63762E+00  1.62537E+00  1.59988E+00  1.56247E+00  1.52629E+00  1.51105E+00  1.52655E+00
  1.82162E+00  1.34093E+00  9.14004E-01  7.88124E-01  9.61978E-01  1.24413E+00  1.46567E+00  1.58201E+00  1.62629E+00  1.63812E+00  1.63691E+00  1.62607E+00  1.60325E+00  1.57008E+00  1.53834E+00  1.52538E+00  1.53959E+00
  1.40693E+00  9.14026E-01  5.50422E-01  5.30577E-01  8.09995E-01  1.16895E+00  1.43338E+00  1.56857E+00  1.61985E+00  1.63433E+00  1.63474E+00  1.62649E+00  1.60947E+00  1.58606E+00  1.56504E+00  1.55796E+00  1.56969E+00
  1.19706E+00  7.88242E-01  5.30778E-01  5.78886E-01  8.69602E-01  1.20678E+00  1.44625E+00  1.56682E+00  1.61312E+00  1.62711E+00  1.62770E+00  1.62002E+00  1.60666E+00  1.59237E+00  1.58365E+00  1.58540E+00  1.59740E+00
  1.23401E+00  9.62355E-01  8.10839E-01  8.70719E-01  1.08787E+00  1.32580E+00  1.49016E+00  1.57209E+00  1.60485E+00  1.61546E+00  1.61331E+00  1.60113E+00  1.58502E+00  1.57472E+00  1.57700E+00  1.59074E+00  1.60905E+00
  1.38860E+00  1.24497E+00  1.17105E+00  1.21046E+00  1.32963E+00  1.45449E+00  1.53754E+00  1.57849E+00  1.59649E+00  1.60198E+00  1.59369E+00  1.57144E+00  1.54585E+00  1.53404E+00  1.54547E+00  1.57380E+00  1.60418E+00
  1.52726E+00  1.46705E+00  1.43705E+00  1.45348E+00  1.50013E+00  1.54573E+00  1.57310E+00  1.58608E+00  1.59318E+00  1.59307E+00  1.57700E+00  1.54307E+00  1.50615E+00  1.49037E+00  1.50840E+00  1.54991E+00  1.59281E+00
  1.60384E+00  1.58380E+00  1.57343E+00  1.57696E+00  1.58787E+00  1.59592E+00  1.59781E+00  1.59793E+00  1.59894E+00  1.59431E+00  1.57287E+00  1.53252E+00  1.48990E+00  1.47186E+00  1.49229E+00  1.53919E+00  1.58742E+00
  1.63371E+00  1.62836E+00  1.62513E+00  1.62445E+00  1.62394E+00  1.62102E+00  1.61645E+00  1.61336E+00  1.61189E+00  1.60536E+00  1.58422E+00  1.54707E+00  1.50860E+00  1.49231E+00  1.51025E+00  1.55166E+00  1.59425E+00

  1.64488E+00  1.64485E+00  1.64478E+00  1.64472E+00  1.64467E+00  1.64465E+00  1.64464E+00  1.64464E+00  1.64464E+00  1.64464E+00  1.64464E+00  1.64464E+00  1.64463E+00  1.64463E+00  1.64462E+00  1.64462E+00  1.64462E+00
  1.64612E+00  1.64593E+00  1.64552E+00  1.64510E+00  1.64482E+00  1.64469E+00  1.64465E+00  1.64464E+00  1.64464E+00  1.64464E+00  1.64463E+00  1.64462E+00  1.64459E+00  1.64455E+00  1.64452E+00  1.64450E+00  1.64452E+00
  1.65183E+00  1.65086E+00  1.64879E+00  1.64675E+00  1.64544E+00  1.64485E+00  1.64467E+00  1.64464E+00  1.64464E+00  1.64463E+00  1.64461E+00  1.64454E+00  1.64441E+00  1.64422E+00  1.64403E+00  1.64395E+00  1.64403E+00
  1.67169E+00  1.66768E+00  1.65959E+00  1.65185E+00  1.64708E+00  1.64512E+00  1.64462E+00  1.64459E+00  1.64461E+00  1.64460E+00  1.64452E+00  1.64427E+00  1.64376E+00  1.64302E+00  1.64230E+00  1.64200E+00  1.64230E+00
  1.72308E+00  1.70966E+00  1.68472E+00  1.66198E+00  1.64896E+00  1.64443E+00  1.64389E+00  1.64425E+00  1.64450E+00  1.64452E+00  1.64426E+00  1.64352E+00  1.64199E+00  1.63976E+00  1.63759E+00  1.63667E+00  1.63759E+00
  1.81789E+00  1.78106E+00  1.72006E+00  1.66867E+00  1.64317E+00  1.63782E+00  1.64018E+00  1.64283E+00  1.64407E+00  1.64430E+00  1.64374E+00  1.64199E+00  1.63840E+00  1.63313E+00  1.62803E+00  1.62586E+00  1.62803E+00
