# # MODEL FILE WRITTEN BY MTPY.MODELING.MODEM, JON
   17   17   25    0 LOG10
    6000.000    3000.000    3000.000    3000.000    3000.000    3000.000    3000.000    3000.000    3000.000    3000.000    3000.000    3000.000    3000.000    3000.000    3000.000    3000.000    6000.000
    6000.000    3000.000    3000.000    3000.000    3000.000    3000.000    3000.000    3000.000    3000.000    3000.000    3000.000    3000.000    3000.000    3000.000    3000.000    3000.000    6000.000
      20.000      40.000      60.000      80.000     100.000     200.000     300.000     400.000     500.000     600.000     700.000     800.000     900.000    1000.000    1000.000    1500.000    1500.000    2000.000    2000.000    2500.000    2500.000    3000.000    3000.000    3500.000    3500.000

  1.88992E+00  1.88981E+00  1.88965E+00  1.88949E+00  1.88942E+00  1.88949E+00  1.88965E+00  1.88981E+00  1.88992E+00  1.88998E+00  1.89000E+00  1.89000E+00  1.89001E+00  1.89001E+00  1.89001E+00  1.89001E+00  1.89001E+00
  1.88976E+00  1.88942E+00  1.88893E+00  1.88845E+00  1.88825E+00  1.88845E+00  1.88893E+00  1.88942E+00  1.88976E+00  1.88992E+00  1.88998E+00  1.89000E+00  1.89000E+00  1.89001E+00  1.89001E+00  1.89001E+00  1.89001E+00
  1.88942E+00  1.88863E+00  1.88747E+00  1.88634E+00  1.88586E+00  1.88634E+00  1.88747E+00  1.88863E+00  1.88942E+00  1.88981E+00  1.88995E+00  1.88999E+00  1.89000E+00  1.89001E+00  1.89001E+00  1.89001E+00  1.89001E+00
  1.88893E+00  1.88747E+00  1.88532E+00  1.88325E+00  1.88236E+00  1.88325E+00  1.88532E+00  1.88747E+00  1.88893E+00  1.88965E+00  1.88991E+00  1.88999E+00  1.89000E+00  1.89001E+00  1.89001E+00  1.89001E+00  1.89001E+00
  1.88845E+00  1.88634E+00  1.88325E+00  1.88024E+00  1.87897E+00  1.88024E+00  1.88325E+00  1.88634E+00  1.88845E+00  1.88949E+00  1.88987E+00  1.88998E+00  1.89000E+00  1.89000E+00  1.89001E+00  1.89001E+00  1.89001E+00
  1.88825E+00  1.88586E+00  1.88236E+00  1.87897E+00  1.87753E+00  1.87897E+00  1.88236E+00  1.88586E+00  1.88825E+00  1.88942E+00  1.88985E+00  1.88997E+00  1.89000E+00  1.89000E+00  1.89001E+00  1.89001E+00  1.89001E+00
  1.88845E+00  1.88634E+00  1.88325E+00  1.88024E+00  1.87897E+00  1.88024E+00  1.88325E+00  1.88634E+00  1.88845E+00  1.88949E+00  1.88987E+00  1.88998E+00  1.89000E+00  1.89000E+00  1.89001E+00  1.89001E+00  1.89001E+00
  1.88893E+00  1.88747E+00  1.88532E+00  1.88325E+00  1.88236E+00  1.88325E+00  1.88532E+00  1.88747E+00  1.88893E+00  1.88965E+00  1.88991E+00  1.88999E+00  1.89000E+00  1.89000E+00  1.89000E+00  1.89000E+00  1.89000E+00
  1.88942E+00  1.88863E+00  1.88747E+00  1.88634E+00  1.88586E+00  1.88634E+00  1.88747E+00  1.88863E+00  1.88942E+00  1.88981E+00  1.88995E+00  1.88999E+00  1.89000E+00  1.89000E+00  1.89000E+00  1.89000E+00  1.89000E+00
  1.88976E+00  1.88942E+00  1.88893E+00  1.88845E+00  1.88825E+00  1.88845E+00  1.88893E+00  1.88942E+00  1.88976E+00  1.88992E+00  1.88998E+00  1.89000E+00  1.89000E+00  1.89000E+00  1.89000E+00  1.89000E+00  1.89000E+00
  1.88992E+00  1.88981E+00  1.88965E+00  1.88949E+00  1.88942E+00  1.88949E+00  1.88965E+00  1.88981E+00  1.88992E+00  1.88998E+00  1.89000E+00  1.89000E+00  1.89000E+00  1.89000E+00  1.89000E+00  1.89000E+00  1.89000E+00
  1.88998E+00  1.88995E+00  1.88991E+00  1.88987E+00  1.88985E+00  1.88987E+00  1.88991E+00  1.88995E+00  1.88998E+00  1.89000E+00  1.89000E+00  1.89000E+00  1.89000E+00  1.89000E+00  1.89000E+00  1.89000E+00  1.89000E+00
  1.89000E+00  1.88999E+00  1.88998E+00  1.88997E+00  1.88997E+00  1.88998E+00  1.88999E+00  1.88999E+00  1.89000E+00  1.89000E+00  1.89000E+00  1.89000E+00  1.89000E+00  1.89000E+00  1.89000E+00  1.89000E+00  1.89000E+00
  1.89000E+00  1.89000E+00  1.89000E+00  1.89000E+00  1.89000E+00  1.89000E+00  1.89000E+00  1.89000E+00  1.89000E+00  1.89000E+00  1.89000E+00  1.89000E+00  1.89000E+00  1.89000E+00  1.89000E+00  1.89000E+00  1.89000E+00
  1.89000E+00  1.89000E+00  1.89000E+00  1.89000E+00  1.89000E+00  1.89000E+00  1.89000E+00  1.89000E+00  1.89000E+00  1.89000E+00  1.89000E+00  1.89000E+00  1.89000E+00  1.89000E+00  1.89000E+00  1.89000E+00  1.89000E+00
  1.89000E+00  1.89000E+00  1.89000E+00  1.89000E+00  1.89000E+00  1.89000E+00  1.89000E+00  1.89000E+00  1.89000E+00  1.89000E+00  1.89000E+00  1.89000E+00  1.89000E+00  1.89000E+00  1.89000E+00  1.89000E+00  1.89000E+00
  1.89000E+00  1.89000E+00  1.89000E+00  1.89000E+00  1.89000E+00  1.89000E+00  1.89000E+00  1.89000E+00  1.89000E+00  1.89000E+00  1.89000E+00  1.89000E+00  1.89000E+00  1.89000E+00  1.89000E+00  1.89000E+00  1.89000E+00

  1.88969E+00  1.88926E+00  1.88863E+00  1.88802E+00  1.88776E+00  1.88802E+00  1.88863E+00  1.88926E+00  1.88969E+00  1.88990E+00  1.88998E+00  1.89000E+00  1.89001E+00  1.89001E+00  1.89001E+00  1.89001E+00  1.89001E+00
  1.88905E+00  1.88776E+00  1.88586E+00  1.88402E+00  1.88325E+00  1.88402E+00  1.88586E+00  1.88776E+00  1.88905E+00  1.88969E+00  1.88992E+00  1.88999E+00  1.89001E+00  1.89001E+00  1.89002E+00  1.89002E+00  1.89002E+00
  1.88776E+00  1.88471E+00  1.88024E+00  1.87591E+00  1.87407E+00  1.87591E+00  1.88024E+00  1.88471E+00  1.88776E+00  1.88926E+00  1.88981E+00  1.88997E+00  1.89000E+00  1.89001E+00  1.89002E+00  1.89002E+00  1.89002E+00
  1.88586E+00  1.88024E+00  1.87199E+00  1.86400E+00  1.86061E+00  1.86400E+00  1.87199E+00  1.88024E+00  1.88586E+00  1.88863E+00  1.88965E+00  1.88993E+00  1.89000E+00  1.89001E+00  1.89002E+00  1.89002E+00  1.89002E+00
  1.88402E+00  1.87591E+00  1.86400E+00  1.85244E+00  1.84755E+00  1.85244E+00  1.86400E+00  1.87591E+00  1.88402E+00  1.88802E+00  1.88949E+00  1.88990E+00  1.88999E+00  1.89001E+00  1.89001E+00  1.89001E+00  1.89001E+00
  1.88325E+00  1.87407E+00  1.86061E+00  1.84755E+00  1.84202E+00  1.84755E+00  1.86061E+00  1.87407E+00  1.88325E+00  1.88776E+00  1.88942E+00  1.88989E+00  1.88999E+00  1.89001E+00  1.89001E+00  1.89001E+00  1.89001E+00
  1.88402E+00  1.87591E+00  1.86400E+00  1.85244E+00  1.84755E+00  1.85244E+00  1.86400E+00  1.87591E+00  1.88402E+00  1.88802E+00  1.88949E+00  1.88990E+00  1.88999E+00  1.89000E+00  1.89001E+00  1.89001E+00  1.89001E+00
  1.88586E+00  1.88024E+00  1.87199E+00  1.86400E+00  1.86061E+00  1.86400E+00  1.87199E+00  1.88024E+00  1.88586E+00  1.88863E+00  1.88965E+00  1.88993E+00  1.88999E+00  1.89000E+00  1.89000E+00  1.89000E+00  1.89000E+00
  1.88776E+00  1.88471E+00  1.88024E+00  1.87591E+00  1.87407E+00  1.87591E+00  1.88024E+00  1.88471E+00  1.88776E+00  1.88926E+00  1.88981E+00  1.88996E+00  1.88999E+00  1.88999E+00  1.89000E+00  1.89000E+00  1.89000E+00
  1.88905E+00  1.88776E+00  1.88586E+00  1.88402E+00  1.88324E+00  1.88402E+00  1.88586E+00  1.88776E+00  1.88905E+00  1.88969E+00  1.88992E+00  1.88997E+00  1.88998E+00  1.88998E+00  1.88998E+00  1.88999E+00  1.89000E+00
  1.88968E+00  1.88925E+00  1.88862E+00  1.88801E+00  1.88776E+00  1.88802E+00  1.88863E+00  1.88926E+00  1.88969E+00  1.88989E+00  1.88996E+00  1.88997E+00  1.88997E+00  1.88996E+00  1.88997E+00  1.88998E+00  1.88999E+00
  1.88991E+00  1.88979E+00  1.88963E+00  1.88947E+00  1.88941E+00  1.88948E+00  1.88964E+00  1.88981E+00  1.88992E+00  1.88997E+00  1.88998E+00  1.88997E+00  1.88995E+00  1.88994E+00  1.88995E+00  1.88997E+00  1.88998E+00
  1.88997E+00  1.88993E+00  1.88990E+00  1.88987E+00  1.88987E+00  1.88989E+00  1.88993E+00  1.88996E+00  1.88998E+00  1.88999E+00  1.88998E+00  1.88996E+00  1.88994E+00  1.88994E+00  1.88994E+00  1.88996E+00  1.88998E+00
  1.88997E+00  1.88995E+00  1.88994E+00  1.88994E+00  1.88996E+00  1.88997E+00  1.88999E+00  1.89000E+00  1.89000E+00  1.89000E+00  1.88998E+00  1.88997E+00  1.88995E+00  1.88994E+00  1.88995E+00  1.88997E+00  1.88998E+00
  1.88997E+00  1.88995E+00  1.88995E+00  1.88995E+00  1.88997E+00  1.88998E+00  1.89000E+00  1.89000E+00  1.89000E+00  1.89000E+00  1.88999E+00  1.88998E+00  1.88997E+00  1.88996E+00  1.88997E+00  1.88998E+00  1.88999E+00
  1.88997E+00  1.88996E+00  1.88995E+00  1.88996E+00  1.88997E+00  1.88999E+00  1.89000E+00  1.89000E+00  1.89000E+00  1.89000E+00  1.89000E+00  1.88999E+00  1.88998E+00  1.88998E+00  1.88998E+00  1.88999E+00  1.89000E+00
  1.88998E+00  1.88997E+00  1.88997E+00  1.88997E+00  1.88998E+00  1.88999E+00  1.89000E+00  1.89000E+00  1.89000E+00  1.89000E+00  1.89000E+00  1.89000E+00  1.89000E+00  1.89000E+00  1.89000E+00  1.89000E+00  1.89000E+00

  1.88905E+00  1.88776E+00  1.88586E+00  1.88402E+00  1.88325E+00  1.88402E+00  1.88586E+00  1.88776E+00  1.88905E+00  1.88969E+00  1.88993E+00  1.89000E+00  1.89003E+00  1.89005E+00  1.89007E+00  1.89008E+00  1.89007E+00
  1.88714E+00  1.88325E+00  1.87753E+00  1.87199E+00  1.86965E+00  1.87199E+00  1.87753E+00  1.88325E+00  1.88714E+00  1.88905E+00  1.88976E+00  1.88997E+00  1.89003E+00  1.89007E+00  1.89010E+00  1.89011E+00  1.89010E+00
  1.88325E+00  1.87407E+00  1.86061E+00  1.84755E+00  1.84202E+00  1.84755E+00  1.86061E+00  1.87407E+00  1.88325E+00  1.88776E+00  1.88943E+00  1.88990E+00  1.89003E+00  1.89008E+00  1.89011E+00  1.89013E+00  1.89011E+00
  1.87753E+00  1.86061E+00  1.83576E+00  1.81167E+00  1.80146E+00  1.81167E+00  1.83576E+00  1.86061E+00  1.87753E+00  1.88587E+00  1.88893E+00  1.88980E+00  1.89001E+00  1.89007E+00  1.89010E+00  1.89011E+00  1.89010E+00
  1.87199E+00  1.84755E+00  1.81167E+00  1.77688E+00  1.76214E+00  1.77688E+00  1.81167E+00  1.84755E+00  1.87199E+00  1.88403E+00  1.88845E+00  1.88970E+00  1.88998E+00  1.89004E+00  1.89007E+00  1.89008E+00  1.89007E+00
  1.86965E+00  1.84202E+00  1.80146E+00  1.76214E+00  1.74548E+00  1.76214E+00  1.80146E+00  1.84202E+00  1.86965E+00  1.88325E+00  1.88825E+00  1.88965E+00  1.88996E+00  1.89002E+00  1.89004E+00  1.89005E+00  1.89004E+00
  1.87199E+00  1.84755E+00  1.81167E+00  1.77688E+00  1.76214E+00  1.77688E+00  1.81167E+00  1.84755E+00  1.87199E+00  1.88402E+00  1.88845E+00  1.88969E+00  1.88995E+00  1.89000E+00  1.89001E+00  1.89002E+00  1.89002E+00
  1.87753E+00  1.86060E+00  1.83576E+00  1.81167E+00  1.80146E+00  1.81167E+00  1.83576E+00  1.86061E+00  1.87753E+00  1.88586E+00  1.88892E+00  1.88977E+00  1.88995E+00  1.88998E+00  1.88999E+00  1.88999E+00  1.89000E+00
  1.88324E+00  1.87407E+00  1.86060E+00  1.84754E+00  1.84201E+00  1.84755E+00  1.86060E+00  1.87407E+00  1.88324E+00  1.88775E+00  1.88940E+00  1.88984E+00  1.88992E+00  1.88993E+00  1.88994E+00  1.88996E+00  1.88998E+00
  1.88712E+00  1.88323E+00  1.87751E+00  1.87198E+00  1.86963E+00  1.87199E+00  1.87753E+00  1.88324E+00  1.88713E+00  1.88903E+00  1.88970E+00  1.88984E+00  1.88983E+00  1.88982E+00  1.88984E+00  1.88989E+00  1.88994E+00
  1.88901E+00  1.88770E+00  1.88580E+00  1.88397E+00  1.88321E+00  1.88400E+00  1.88585E+00  1.88775E+00  1.88904E+00  1.88964E+00  1.88981E+00  1.88978E+00  1.88970E+00  1.88966E+00  1.88970E+00  1.88980E+00  1.88989E+00
  1.88967E+00  1.88929E+00  1.88878E+00  1.88832E+00  1.88816E+00  1.88840E+00  1.88891E+00  1.88941E+00  1.88973E+00  1.88985E+00  1.88982E+00  1.88970E+00  1.88957E+00  1.88951E+00  1.88957E+00  1.88970E+00  1.88984E+00
  1.88978E+00  1.88964E+00  1.88951E+00  1.88944E+00  1.88948E+00  1.88960E+00  1.88975E+00  1.88987E+00  1.88993E+00  1.88991E+00  1.88982E+00  1.88966E+00  1.88951E+00  1.88945E+00  1.88951E+00  1.88966E+00  1.88982E+00
  1.88975E+00  1.88963E+00  1.88957E+00  1.88960E+00  1.88970E+00  1.88982E+00  1.88991E+00  1.88996E+00  1.88997E+00  1.88993E+00  1.88984E+00  1.88970E+00  1.88957E+00  1.88951E+00  1.88957E+00  1.88970E+00  1.88984E+00
  1.88973E+00  1.88960E+00  1.88955E+00  1.88960E+00  1.88972E+00  1.88985E+00  1.88994E+00  1.88998E+00  1.88998E+00  1.88996E+00  1.88989E+00  1.88980E+00  1.88970E+00  1.88966E+00  1.88970E+00  1.88980E+00  1.88989E+00
  1.88976E+00  1.88965E+00  1.88960E+00  1.88965E+00  1.88976E+00  1.88987E+00  1.88995E+00  1.88998E+00  1.88999E+00  1.88998E+00  1.88994E+00  1.88989E+00  1.88984E+00  1.88982E+00  1.88984E+00  1.88989E+00  1.88994E+00
  1.88983E+00  1.88976E+00  1.88973E+00  1.88976E+00  1.88983E+00  1.88991E+00  1.88997E+00  1.88999E+00  1.89000E+00  1.88999E+00  1.88998E+00  1.88996E+00  1.88994E+00  1.88993E+00  1.88994E+00  1.88996E+00  1.88998E+00

  1.88776E+00  1.88471E+00  1.88024E+00  1.87591E+00  1.87407E+00  1.87591E+00  1.88024E+00  1.88471E+00  1.88776E+00  1.88927E+00  1.88983E+00  1.89003E+00  1.89016E+00  1.89030E+00  1.89043E+00  1.89048E+00  1.89043E+00
  1.88325E+00  1.87407E+00  1.86061E+00  1.84755E+00  1.84202E+00  1.84755E+00  1.86061E+00  1.87407E+00  1.88325E+00  1.88777E+00  1.88945E+00  1.88998E+00  1.89021E+00  1.89042E+00  1.89061E+00  1.89069E+00  1.89061E+00
  1.87407E+00  1.85244E+00  1.82070E+00  1.78992E+00  1.77688E+00  1.78992E+00  1.82070E+00  1.85244E+00  1.87407E+00  1.88472E+00  1.88867E+00  1.88983E+00  1.89022E+00  1.89047E+00  1.89069E+00  1.89078E+00  1.89069E+00
  1.86061E+00  1.82070E+00  1.76214E+00  1.70535E+00  1.68129E+00  1.70535E+00  1.76214E+00  1.82070E+00  1.86061E+00  1.88025E+00  1.88750E+00  1.88959E+00  1.89015E+00  1.89041E+00  1.89061E+00  1.89069E+00  1.89061E+00
  1.84755E+00  1.78992E+00  1.70535E+00  1.62335E+00  1.58860E+00  1.62335E+00  1.70535E+00  1.78993E+00  1.84755E+00  1.87591E+00  1.88636E+00  1.88933E+00  1.89004E+00  1.89028E+00  1.89042E+00  1.89048E+00  1.89042E+00
  1.84202E+00  1.77688E+00  1.68129E+00  1.58860E+00  1.54932E+00  1.58860E+00  1.68129E+00  1.77688E+00  1.84202E+00  1.87407E+00  1.88587E+00  1.88919E+00  1.88995E+00  1.89014E+00  1.89022E+00  1.89026E+00  1.89023E+00
  1.84755E+00  1.78992E+00  1.70535E+00  1.62334E+00  1.58859E+00  1.62335E+00  1.70535E+00  1.78992E+00  1.84755E+00  1.87590E+00  1.88633E+00  1.88925E+00  1.88989E+00  1.89001E+00  1.89006E+00  1.89009E+00  1.89009E+00
  1.86060E+00  1.82070E+00  1.76213E+00  1.70535E+00  1.68129E+00  1.70535E+00  1.76214E+00  1.82070E+00  1.86060E+00  1.88022E+00  1.88742E+00  1.88939E+00  1.88979E+00  1.88985E+00  1.88989E+00  1.88994E+00  1.88998E+00
  1.87405E+00  1.85241E+00  1.82067E+00  1.78989E+00  1.77686E+00  1.78991E+00  1.82070E+00  1.85244E+00  1.87405E+00  1.88465E+00  1.88847E+00  1.88943E+00  1.88953E+00  1.88951E+00  1.88958E+00  1.88971E+00  1.88985E+00
  1.88316E+00  1.87395E+00  1.86047E+00  1.84743E+00  1.84193E+00  1.84750E+00  1.86058E+00  1.87405E+00  1.88319E+00  1.88760E+00  1.88904E+00  1.88918E+00  1.88896E+00  1.88885E+00  1.88898E+00  1.88930E+00  1.88962E+00
  1.88751E+00  1.88436E+00  1.87984E+00  1.87555E+00  1.87382E+00  1.87577E+00  1.88018E+00  1.88467E+00  1.88766E+00  1.88896E+00  1.88910E+00  1.88866E+00  1.88811E+00  1.88787E+00  1.88812E+00  1.88870E+00  1.88930E+00
  1.88884E+00  1.88779E+00  1.88652E+00  1.88550E+00  1.88528E+00  1.88603E+00  1.88733E+00  1.88855E+00  1.88927E+00  1.88937E+00  1.88893E+00  1.88811E+00  1.88727E+00  1.88692E+00  1.88728E+00  1.88812E+00  1.88898E+00
  1.88882E+00  1.88818E+00  1.88774E+00  1.88772E+00  1.88809E+00  1.88868E+00  1.88923E+00  1.88960E+00  1.88970E+00  1.88947E+00  1.88884E+00  1.88787E+00  1.88692E+00  1.88652E+00  1.88692E+00  1.88787E+00  1.88885E+00
  1.88844E+00  1.88773E+00  1.88740E+00  1.88766E+00  1.88833E+00  1.88905E+00  1.88956E+00  1.88981E+00  1.88981E+00  1.88956E+00  1.88898E+00  1.88812E+00  1.88728E+00  1.88692E+00  1.88728E+00  1.88812E+00  1.88898E+00
  1.88826E+00  1.88748E+00  1.88715E+00  1.88747E+00  1.88824E+00  1.88904E+00  1.88959E+00  1.88984E+00  1.88987E+00  1.88970E+00  1.88929E+00  1.88870E+00  1.88812E+00  1.88787E+00  1.88812E+00  1.88870E+00  1.88930E+00
  1.88846E+00  1.88777E+00  1.88748E+00  1.88777E+00  1.88846E+00  1.88917E+00  1.88965E+00  1.88987E+00  1.88992E+00  1.88984E+00  1.88962E+00  1.88930E+00  1.88898E+00  1.88885E+00  1.88898E+00  1.88930E+00  1.88962E+00
  1.88894E+00  1.88846E+00  1.88826E+00  1.88846E+00  1.88894E+00  1.88943E+00  1.88976E+00  1.88992E+00  1.88996E+00  1.88993E+00  1.88984E+00  1.88970E+00  1.88957E+00  1.88951E+00  1.88957E+00  1.88970E+00  1.88984E+00

  1.88586E+00  1.88024E+00  1.87199E+00  1.86400E+00  1.86061E+00  1.86400E+00  1.87199E+00  1.88024E+00  1.88587E+00  1.88866E+00  1.88976E+00  1.89026E+00  1.89077E+00  1.89143E+00  1.89207E+00  1.89234E+00  1.89207E+00
  1.87753E+00  1.86061E+00  1.83576E+00  1.81167E+00  1.80146E+00  1.81167E+00  1.83576E+00  1.86061E+00  1.87754E+00  1.88590E+00  1.88909E+00  1.89026E+00  1.89109E+00  1.89207E+00  1.89299E+00  1.89338E+00  1.89299E+00
  1.86061E+00  1.82070E+00  1.76214E+00  1.70535E+00  1.68129E+00  1.70535E+00  1.76214E+00  1.82070E+00  1.86062E+00  1.88029E+00  1.88765E+00  1.89003E+00  1.89119E+00  1.89233E+00  1.89338E+00  1.89382E+00  1.89338E+00
  1.83576E+00  1.76214E+00  1.65409E+00  1.54932E+00  1.50492E+00  1.54932E+00  1.65409E+00  1.76214E+00  1.83577E+00  1.87204E+00  1.88548E+00  1.88953E+00  1.89097E+00  1.89205E+00  1.89299E+00  1.89338E+00  1.89299E+00
  1.81167E+00  1.70535E+00  1.54932E+00  1.39801E+00  1.33389E+00  1.39801E+00  1.54932E+00  1.70535E+00  1.81168E+00  1.86402E+00  1.88335E+00  1.88895E+00  1.89056E+00  1.89140E+00  1.89206E+00  1.89234E+00  1.89207E+00
  1.80146E+00  1.68129E+00  1.50492E+00  1.33389E+00  1.26142E+00  1.33389E+00  1.50492E+00  1.68129E+00  1.80146E+00  1.86062E+00  1.88241E+00  1.88860E+00  1.89014E+00  1.89071E+00  1.89108E+00  1.89124E+00  1.89111E+00
  1.81167E+00  1.70535E+00  1.54931E+00  1.39800E+00  1.33389E+00  1.39801E+00  1.54931E+00  1.70535E+00  1.81166E+00  1.86397E+00  1.88320E+00  1.88858E+00  1.88978E+00  1.89010E+00  1.89029E+00  1.89041E+00  1.89041E+00
  1.83574E+00  1.76211E+00  1.65406E+00  1.54929E+00  1.50490E+00  1.54930E+00  1.65408E+00  1.76213E+00  1.83572E+00  1.87188E+00  1.88507E+00  1.88859E+00  1.88920E+00  1.88929E+00  1.88945E+00  1.88969E+00  1.88990E+00
  1.86050E+00  1.82055E+00  1.76197E+00  1.70520E+00  1.68119E+00  1.70530E+00  1.76211E+00  1.82067E+00  1.86049E+00  1.87990E+00  1.88667E+00  1.88802E+00  1.88780E+00  1.88761E+00  1.88791E+00  1.88857E+00  1.88924E+00
  1.87713E+00  1.86003E+00  1.83511E+00  1.81109E+00  1.80106E+00  1.81145E+00  1.83566E+00  1.86051E+00  1.87726E+00  1.88506E+00  1.88704E+00  1.88630E+00  1.88494E+00  1.88432E+00  1.88498E+00  1.88653E+00  1.88812E+00
  1.88466E+00  1.87850E+00  1.87002E+00  1.86225E+00  1.85940E+00  1.86334E+00  1.87169E+00  1.88002E+00  1.88535E+00  1.88715E+00  1.88616E+00  1.88350E+00  1.88071E+00  1.87951E+00  1.88072E+00  1.88357E+00  1.88652E+00
  1.88608E+00  1.88335E+00  1.88067E+00  1.87913E+00  1.87952E+00  1.88170E+00  1.88463E+00  1.88707E+00  1.88816E+00  1.88750E+00  1.88488E+00  1.88070E+00  1.87659E+00  1.87484E+00  1.87659E+00  1.88072E+00  1.88497E+00
  1.88453E+00  1.88190E+00  1.88047E+00  1.88104E+00  1.88319E+00  1.88577E+00  1.88780E+00  1.88888E+00  1.88888E+00  1.88750E+00  1.88429E+00  1.87950E+00  1.87484E+00  1.87287E+00  1.87484E+00  1.87951E+00  1.88431E+00
  1.88238E+00  1.87896E+00  1.87746E+00  1.87883E+00  1.88217E+00  1.88567E+00  1.88807E+00  1.88916E+00  1.88911E+00  1.88783E+00  1.88496E+00  1.88072E+00  1.87659E+00  1.87484E+00  1.87659E+00  1.88072E+00  1.88497E+00
  1.88142E+00  1.87761E+00  1.87598E+00  1.87759E+00  1.88139E+00  1.88532E+00  1.88799E+00  1.88921E+00  1.88934E+00  1.88849E+00  1.88651E+00  1.88357E+00  1.88072E+00  1.87951E+00  1.88072E+00  1.88357E+00  1.88652E+00
  1.88241E+00  1.87904E+00  1.87761E+00  1.87904E+00  1.88241E+00  1.88589E+00  1.88824E+00  1.88936E+00  1.88959E+00  1.88917E+00  1.88811E+00  1.88652E+00  1.88497E+00  1.88431E+00  1.88497E+00  1.88652E+00  1.88812E+00
  1.88475E+00  1.88242E+00  1.88143E+00  1.88242E+00  1.88475E+00  1.88716E+00  1.88879E+00  1.88957E+00  1.88979E+00  1.88964E+00  1.88920E+00  1.88853E+00  1.88787E+00  1.88759E+00  1.88787E+00  1.88853E+00  1.88920E+00

  1.88402E+00  1.87591E+00  1.86400E+00  1.85244E+00  1.84755E+00  1.85244E+00  1.86400E+00  1.87591E+00  1.88405E+00  1.88813E+00  1.88991E+00  1.89117E+00  1.89297E+00  1.89551E+00  1.89795E+00  1.89899E+00  1.89795E+00
  1.87199E+00  1.84755E+00  1.81167E+00  1.77688E+00  1.76214E+00  1.77688E+00  1.81167E+00  1.84755E+00  1.87203E+00  1.88418E+00  1.88906E+00  1.89152E+00  1.89426E+00  1.89795E+00  1.90148E+00  1.90298E+00  1.90148E+00
  1.84755E+00  1.78992E+00  1.70535E+00  1.62335E+00  1.58860E+00  1.62335E+00  1.70535E+00  1.78993E+00  1.84759E+00  1.87609E+00  1.88703E+00  1.89133E+00  1.89476E+00  1.89898E+00  1.90298E+00  1.90467E+00  1.90298E+00
  1.81167E+00  1.70535E+00  1.54932E+00  1.39801E+00  1.33389E+00  1.39801E+00  1.54932E+00  1.70536E+00  1.81170E+00  1.86415E+00  1.88385E+00  1.89046E+00  1.89409E+00  1.89792E+00  1.90148E+00  1.90298E+00  1.90148E+00
  1.77688E+00  1.62335E+00  1.39801E+00  1.17950E+00  1.08691E+00  1.17950E+00  1.39801E+00  1.62335E+00  1.77690E+00  1.85255E+00  1.88065E+00  1.88927E+00  1.89265E+00  1.89544E+00  1.89793E+00  1.89897E+00  1.89795E+00
  1.76214E+00  1.58859E+00  1.33389E+00  1.08691E+00  9.82252E-01  1.08691E+00  1.33389E+00  1.58859E+00  1.76214E+00  1.84759E+00  1.87914E+00  1.88835E+00  1.89112E+00  1.89278E+00  1.89416E+00  1.89477E+00  1.89426E+00
  1.77687E+00  1.62333E+00  1.39799E+00  1.17948E+00  1.08690E+00  1.17950E+00  1.39800E+00  1.62334E+00  1.77685E+00  1.85236E+00  1.88007E+00  1.88782E+00  1.88967E+00  1.89043E+00  1.89112E+00  1.89158E+00  1.89157E+00
  1.81159E+00  1.70524E+00  1.54918E+00  1.39789E+00  1.33381E+00  1.39796E+00  1.54929E+00  1.70531E+00  1.81153E+00  1.86357E+00  1.88225E+00  1.88684E+00  1.88729E+00  1.88731E+00  1.88788E+00  1.88880E+00  1.88959E+00
  1.84715E+00  1.78935E+00  1.70470E+00  1.62277E+00  1.58819E+00  1.62312E+00  1.70524E+00  1.78978E+00  1.84711E+00  1.87460E+00  1.88327E+00  1.88359E+00  1.88173E+00  1.88081E+00  1.88194E+00  1.88449E+00  1.88708E+00
  1.87045E+00  1.84532E+00  1.80915E+00  1.77465E+00  1.76060E+00  1.77604E+00  1.81126E+00  1.84716E+00  1.87094E+00  1.88093E+00  1.88118E+00  1.87628E+00  1.87060E+00  1.86813E+00  1.87067E+00  1.87663E+00  1.88277E+00
  1.87938E+00  1.86919E+00  1.85641E+00  1.84573E+00  1.84290E+00  1.84991E+00  1.86283E+00  1.87506E+00  1.88204E+00  1.88231E+00  1.87607E+00  1.86515E+00  1.85425E+00  1.84961E+00  1.85427E+00  1.86526E+00  1.87660E+00
  1.87749E+00  1.87051E+00  1.86535E+00  1.86441E+00  1.86801E+00  1.87428E+00  1.88058E+00  1.88480E+00  1.88550E+00  1.88123E+00  1.87049E+00  1.85424E+00  1.83839E+00  1.83167E+00  1.83840E+00  1.85427E+00  1.87064E+00
  1.86947E+00  1.86006E+00  1.85562E+00  1.85882E+00  1.86754E+00  1.87703E+00  1.88382E+00  1.88691E+00  1.88620E+00  1.88053E+00  1.86807E+00  1.84960E+00  1.83167E+00  1.82407E+00  1.83167E+00  1.84961E+00  1.86811E+00
  1.86075E+00  1.84771E+00  1.84212E+00  1.84752E+00  1.86044E+00  1.87384E+00  1.88293E+00  1.88695E+00  1.88665E+00  1.88165E+00  1.87061E+00  1.85426E+00  1.83840E+00  1.83167E+00  1.83840E+00  1.85427E+00  1.87064E+00
  1.85699E+00  1.84232E+00  1.83610E+00  1.84230E+00  1.85695E+00  1.87206E+00  1.88229E+00  1.88698E+00  1.88745E+00  1.88418E+00  1.87657E+00  1.86526E+00  1.85427E+00  1.84961E+00  1.85427E+00  1.86526E+00  1.87659E+00
  1.86080E+00  1.84783E+00  1.84233E+00  1.84783E+00  1.86080E+00  1.87416E+00  1.88323E+00  1.88751E+00  1.88840E+00  1.88680E+00  1.88272E+00  1.87659E+00  1.87064E+00  1.86811E+00  1.87064E+00  1.87659E+00  1.88274E+00
  1.86978E+00  1.86080E+00  1.85700E+00  1.86080E+00  1.86978E+00  1.87904E+00  1.88533E+00  1.88835E+00  1.88917E+00  1.88862E+00  1.88691E+00  1.88431E+00  1.88179E+00  1.88072E+00  1.88179E+00  1.88432E+00  1.88692E+00

  1.88325E+00  1.87407E+00  1.86061E+00  1.84755E+00  1.84202E+00  1.84755E+00  1.86061E+00  1.87408E+00  1.88331E+00  1.88809E+00  1.89069E+00  1.89370E+00  1.89897E+00  1.90658E+00  1.91395E+00  1.91707E+00  1.91395E+00
  1.86965E+00  1.84202E+00  1.80146E+00  1.76214E+00  1.74548E+00  1.76214E+00  1.80147E+00  1.84203E+00  1.86974E+00  1.88372E+00  1.89008E+00  1.89515E+00  1.90292E+00  1.91394E+00  1.92458E+00  1.92908E+00  1.92458E+00
  1.84202E+00  1.77688E+00  1.68129E+00  1.58860E+00  1.54932E+00  1.58860E+00  1.68129E+00  1.77690E+00  1.84213E+00  1.87461E+00  1.88793E+00  1.89538E+00  1.90454E+00  1.91705E+00  1.92908E+00  1.93418E+00  1.92908E+00
  1.80146E+00  1.68129E+00  1.50492E+00  1.33389E+00  1.26142E+00  1.33389E+00  1.50492E+00  1.68131E+00  1.80156E+00  1.86108E+00  1.88419E+00  1.89395E+00  1.90272E+00  1.91391E+00  1.92457E+00  1.92908E+00  1.92458E+00
  1.76214E+00  1.58859E+00  1.33389E+00  1.08691E+00  9.82253E-01  1.08691E+00  1.33389E+00  1.58860E+00  1.76220E+00  1.84787E+00  1.88021E+00  1.89152E+00  1.89856E+00  1.90646E+00  1.91387E+00  1.91702E+00  1.91392E+00
  1.74547E+00  1.54931E+00  1.26141E+00  9.82246E-01  8.63541E-01  9.82251E-01  1.26142E+00  1.54932E+00  1.74549E+00  1.84213E+00  1.87806E+00  1.88923E+00  1.89404E+00  1.89845E+00  1.90254E+00  1.90437E+00  1.90282E+00
  1.76210E+00  1.58854E+00  1.33383E+00  1.08686E+00  9.82214E-01  1.08689E+00  1.33388E+00  1.58857E+00  1.76204E+00  1.84728E+00  1.87846E+00  1.88716E+00  1.88958E+00  1.89136E+00  1.89337E+00  1.89475E+00  1.89471E+00
  1.80122E+00  1.68093E+00  1.50452E+00  1.33354E+00  1.26117E+00  1.33376E+00  1.50484E+00  1.68116E+00  1.80103E+00  1.85932E+00  1.87938E+00  1.88305E+00  1.88223E+00  1.88195E+00  1.88361E+00  1.88638E+00  1.88875E+00
  1.84081E+00  1.77514E+00  1.67932E+00  1.58685E+00  1.54811E+00  1.58793E+00  1.68094E+00  1.77645E+00  1.84069E+00  1.87013E+00  1.87660E+00  1.87210E+00  1.86530E+00  1.86235E+00  1.86573E+00  1.87341E+00  1.88119E+00
  1.86500E+00  1.83530E+00  1.79387E+00  1.75543E+00  1.74082E+00  1.75959E+00  1.80023E+00  1.84086E+00  1.86647E+00  1.87394E+00  1.86636E+00  1.84927E+00  1.83165E+00  1.82413E+00  1.83177E+00  1.84972E+00  1.86821E+00
  1.86924E+00  1.85385E+00  1.83775E+00  1.82733E+00  1.82801E+00  1.83991E+00  1.85709E+00  1.87152E+00  1.87728E+00  1.87057E+00  1.84902E+00  1.81536E+00  1.78236E+00  1.76836E+00  1.78239E+00  1.81549E+00  1.84963E+00
  1.85524E+00  1.83819E+00  1.82848E+00  1.83130E+00  1.84452E+00  1.86101E+00  1.87434E+00  1.88121E+00  1.87938E+00  1.86454E+00  1.83150E+00  1.78234E+00  1.73457E+00  1.71432E+00  1.73457E+00  1.78238E+00  1.83167E+00
  1.82874E+00  1.80121E+00  1.78904E+00  1.79981E+00  1.82656E+00  1.85467E+00  1.87396E+00  1.88210E+00  1.87915E+00  1.86167E+00  1.82400E+00  1.76834E+00  1.71432E+00  1.69142E+00  1.71432E+00  1.76835E+00  1.82407E+00
  1.80200E+00  1.76286E+00  1.74619E+00  1.76263E+00  1.80164E+00  1.84191E+00  1.86910E+00  1.88102E+00  1.87999E+00  1.86488E+00  1.83161E+00  1.78237E+00  1.73457E+00  1.71432E+00  1.73457E+00  1.78237E+00  1.83167E+00
  1.79059E+00  1.74642E+00  1.72770E+00  1.74640E+00  1.79054E+00  1.83603E+00  1.86682E+00  1.88092E+00  1.88234E+00  1.87247E+00  1.84955E+00  1.81547E+00  1.78238E+00  1.76835E+00  1.78238E+00  1.81548E+00  1.84961E+00
  1.80205E+00  1.76299E+00  1.74644E+00  1.76299E+00  1.80205E+00  1.84231E+00  1.86962E+00  1.88249E+00  1.88518E+00  1.88036E+00  1.86806E+00  1.84961E+00  1.83167E+00  1.82407E+00  1.83167E+00  1.84961E+00  1.86811E+00
  1.82910E+00  1.80205E+00  1.79059E+00  1.80205E+00  1.82910E+00  1.85698E+00  1.87593E+00  1.88502E+00  1.88749E+00  1.88582E+00  1.88068E+00  1.87287E+00  1.86526E+00  1.86204E+00  1.86526E+00  1.87287E+00  1.88072E+00

  1.88402E+00  1.87591E+00  1.86400E+00  1.85244E+00  1.84755E+00  1.85244E+00  1.86400E+00  1.87593E+00  1.88418E+00  1.88879E+00  1.89247E+00  1.89889E+00  1.91117E+00  1.92908E+00  1.94644E+00  1.95379E+00  1.94644E+00
  1.87199E+00  1.84755E+00  1.81167E+00  1.77688E+00  1.76214E+00  1.77688E+00  1.81168E+00  1.84759E+00  1.87222E+00  1.88514E+00  1.89276E+00  1.90266E+00  1.92054E+00  1.94643E+00  1.97150E+00  1.98212E+00  1.97150E+00
  1.84755E+00  1.78992E+00  1.70535E+00  1.62335E+00  1.58860E+00  1.62335E+00  1.70536E+00  1.78997E+00  1.84781E+00  1.87717E+00  1.89121E+00  1.90393E+00  1.92446E+00  1.95378E+00  1.98212E+00  1.99413E+00  1.98212E+00
  1.81167E+00  1.70535E+00  1.54932E+00  1.39801E+00  1.33389E+00  1.39801E+00  1.54932E+00  1.70539E+00  1.81190E+00  1.86511E+00  1.88755E+00  1.90159E+00  1.92035E+00  1.94639E+00  1.97148E+00  1.98211E+00  1.97150E+00
  1.77688E+00  1.62334E+00  1.39801E+00  1.17950E+00  1.08691E+00  1.17950E+00  1.39801E+00  1.62337E+00  1.77703E+00  1.85319E+00  1.88317E+00  1.89689E+00  1.91071E+00  1.92886E+00  1.94627E+00  1.95368E+00  1.94638E+00
  1.76213E+00  1.58858E+00  1.33387E+00  1.08690E+00  9.82242E-01  1.08691E+00  1.33389E+00  1.58859E+00  1.76217E+00  1.84781E+00  1.88020E+00  1.89192E+00  1.90010E+00  1.90998E+00  1.91956E+00  1.92387E+00  1.92021E+00
  1.77679E+00  1.62321E+00  1.39786E+00  1.17937E+00  1.08682E+00  1.17945E+00  1.39797E+00  1.62328E+00  1.77665E+00  1.85182E+00  1.87904E+00  1.88660E+00  1.88952E+00  1.89326E+00  1.89794E+00  1.90119E+00  1.90109E+00
  1.81109E+00  1.70452E+00  1.54837E+00  1.39717E+00  1.33331E+00  1.39769E+00  1.54913E+00  1.70504E+00  1.81065E+00  1.86097E+00  1.87620E+00  1.87590E+00  1.87203E+00  1.87107E+00  1.87494E+00  1.88146E+00  1.88704E+00
  1.84470E+00  1.78581E+00  1.70070E+00  1.61923E+00  1.58574E+00  1.62178E+00  1.70454E+00  1.78891E+00  1.84441E+00  1.86662E+00  1.86450E+00  1.84904E+00  1.83197E+00  1.82483E+00  1.83279E+00  1.85088E+00  1.86923E+00
  1.86103E+00  1.83172E+00  1.79378E+00  1.76105E+00  1.75117E+00  1.77088E+00  1.80877E+00  1.84482E+00  1.86451E+00  1.86209E+00  1.83685E+00  1.79450E+00  1.75253E+00  1.73472E+00  1.75272E+00  1.79504E+00  1.83862E+00
  1.85102E+00  1.82824E+00  1.81011E+00  1.80477E+00  1.81453E+00  1.83444E+00  1.85570E+00  1.86990E+00  1.86996E+00  1.84749E+00  1.79425E+00  1.71422E+00  1.63629E+00  1.60325E+00  1.63633E+00  1.71436E+00  1.79482E+00
  1.81064E+00  1.77397E+00  1.75623E+00  1.76787E+00  1.80114E+00  1.83791E+00  1.86433E+00  1.87537E+00  1.86754E+00  1.83084E+00  1.75231E+00  1.63626E+00  1.52361E+00  1.47587E+00  1.52362E+00  1.63630E+00  1.75250E+00
  1.74612E+00  1.68194E+00  1.65429E+00  1.68069E+00  1.74417E+00  1.81002E+00  1.85446E+00  1.87261E+00  1.86495E+00  1.82339E+00  1.73446E+00  1.60322E+00  1.47587E+00  1.42190E+00  1.47587E+00  1.60323E+00  1.73458E+00
  1.68263E+00  1.59049E+00  1.55137E+00  1.59029E+00  1.68230E+00  1.77716E+00  1.84109E+00  1.86903E+00  1.86648E+00  1.83082E+00  1.75237E+00  1.63630E+00  1.52364E+00  1.47589E+00  1.52363E+00  1.63630E+00  1.75250E+00
  1.65566E+00  1.55157E+00  1.50746E+00  1.55155E+00  1.65560E+00  1.76284E+00  1.83539E+00  1.86862E+00  1.87194E+00  1.84867E+00  1.79466E+00  1.71433E+00  1.63633E+00  1.60326E+00  1.63631E+00  1.71433E+00  1.79479E+00
  1.68268E+00  1.59060E+00  1.55158E+00  1.59060E+00  1.68267E+00  1.77757E+00  1.84195E+00  1.87229E+00  1.87863E+00  1.86729E+00  1.83829E+00  1.79481E+00  1.75254E+00  1.73461E+00  1.75252E+00  1.79480E+00  1.83840E+00
  1.74644E+00  1.68268E+00  1.65566E+00  1.68268E+00  1.74644E+00  1.81217E+00  1.85683E+00  1.87824E+00  1.88408E+00  1.88015E+00  1.86804E+00  1.84963E+00  1.83171E+00  1.82410E+00  1.83169E+00  1.84962E+00  1.86812E+00

  1.88586E+00  1.88024E+00  1.87199E+00  1.86400E+00  1.86061E+00  1.86400E+00  1.87200E+00  1.88029E+00  1.88615E+00  1.89006E+00  1.89515E+00  1.90651E+00  1.92907E+00  1.96211E+00  1.99413E+00  2.00770E+00  1.99413E+00
  1.87753E+00  1.86061E+00  1.83576E+00  1.81167E+00  1.80146E+00  1.81167E+00  1.83577E+00  1.86067E+00  1.87795E+00  1.88793E+00  1.89688E+00  1.91373E+00  1.94640E+00  1.99413E+00  2.04037E+00  2.05997E+00  2.04037E+00
  1.86061E+00  1.82070E+00  1.76214E+00  1.70535E+00  1.68129E+00  1.70535E+00  1.76215E+00  1.82078E+00  1.86108E+00  1.88258E+00  1.89645E+00  1.91655E+00  1.95371E+00  2.00768E+00  2.05996E+00  2.08212E+00  2.05997E+00
  1.83576E+00  1.76214E+00  1.65409E+00  1.54932E+00  1.50492E+00  1.54932E+00  1.65410E+00  1.76221E+00  1.83618E+00  1.87405E+00  1.89326E+00  1.91297E+00  1.94625E+00  1.99407E+00  2.04033E+00  2.05994E+00  2.04036E+00
  1.81167E+00  1.70535E+00  1.54931E+00  1.39801E+00  1.33389E+00  1.39801E+00  1.54932E+00  1.70540E+00  1.81195E+00  1.86538E+00  1.88864E+00  1.90500E+00  1.92856E+00  1.96174E+00  1.99383E+00  2.00749E+00  1.99402E+00
  1.80144E+00  1.68126E+00  1.50488E+00  1.33386E+00  1.26140E+00  1.33388E+00  1.50491E+00  1.68129E+00  1.80152E+00  1.86108E+00  1.88464E+00  1.89613E+00  1.90905E+00  1.92692E+00  1.94455E+00  1.95249E+00  1.94573E+00
  1.81150E+00  1.70511E+00  1.54904E+00  1.39776E+00  1.33372E+00  1.39791E+00  1.54925E+00  1.70522E+00  1.81124E+00  1.86284E+00  1.88103E+00  1.88601E+00  1.88948E+00  1.89606E+00  1.90466E+00  1.91063E+00  1.91046E+00
  1.83469E+00  1.76060E+00  1.65235E+00  1.54777E+00  1.50385E+00  1.54872E+00  1.65374E+00  1.76157E+00  1.83387E+00  1.86641E+00  1.87233E+00  1.86557E+00  1.85710E+00  1.85510E+00  1.86221E+00  1.87424E+00  1.88454E+00
  1.85535E+00  1.81311E+00  1.75356E+00  1.69776E+00  1.67603E+00  1.70246E+00  1.76063E+00  1.81882E+00  1.85482E+00  1.86311E+00  1.84718E+00  1.81529E+00  1.78307E+00  1.76977E+00  1.78444E+00  1.81781E+00  1.85168E+00
  1.85731E+00  1.83140E+00  1.80275E+00  1.78247E+00  1.78123E+00  1.80060E+00  1.83040E+00  1.85558E+00  1.86372E+00  1.84539E+00  1.79372E+00  1.71417E+00  1.63642E+00  1.60352E+00  1.63671E+00  1.71479E+00  1.79520E+00
  1.82496E+00  1.79229E+00  1.77258E+00  1.77604E+00  1.79968E+00  1.83078E+00  1.85668E+00  1.86916E+00  1.85991E+00  1.81386E+00  1.71393E+00  1.56580E+00  1.42192E+00  1.36095E+00  1.42197E+00  1.56593E+00  1.71439E+00
  1.74536E+00  1.68014E+00  1.65098E+00  1.67592E+00  1.73876E+00  1.80513E+00  1.85043E+00  1.86722E+00  1.85035E+00  1.78145E+00  1.63614E+00  1.42191E+00  1.21404E+00  1.12594E+00  1.21403E+00  1.42192E+00  1.63631E+00
  1.62490E+00  1.50697E+00  1.45668E+00  1.50611E+00  1.62353E+00  1.74473E+00  1.82602E+00  1.85877E+00  1.84415E+00  1.76724E+00  1.60311E+00  1.36097E+00  1.12601E+00  1.02642E+00  1.12597E+00  1.36093E+00  1.60324E+00
  1.50745E+00  1.33752E+00  1.26546E+00  1.33738E+00  1.50720E+00  1.68216E+00  1.80002E+00  1.85144E+00  1.84667E+00  1.78089E+00  1.63617E+00  1.42205E+00  1.21421E+00  1.12609E+00  1.21412E+00  1.42196E+00  1.63632E+00
  1.45763E+00  1.26560E+00  1.18422E+00  1.26558E+00  1.45758E+00  1.65543E+00  1.78927E+00  1.85057E+00  1.85672E+00  1.81383E+00  1.71423E+00  1.56609E+00  1.42220E+00  1.36116E+00  1.42208E+00  1.56596E+00  1.71436E+00
  1.50748E+00  1.33760E+00  1.26561E+00  1.33760E+00  1.50747E+00  1.68257E+00  1.80135E+00  1.85733E+00  1.86905E+00  1.84818E+00  1.79475E+00  1.71460E+00  1.63664E+00  1.60354E+00  1.63651E+00  1.71443E+00  1.79483E+00
  1.62512E+00  1.50748E+00  1.45763E+00  1.50748E+00  1.62512E+00  1.74639E+00  1.82880E+00  1.86832E+00  1.87910E+00  1.87190E+00  1.84963E+00  1.81573E+00  1.78268E+00  1.76862E+00  1.78256E+00  1.81558E+00  1.84965E+00

  1.88776E+00  1.88471E+00  1.88024E+00  1.87591E+00  1.87407E+00  1.87591E+00  1.88025E+00  1.88478E+00  1.88818E+00  1.89133E+00  1.89776E+00  1.91391E+00  1.94643E+00  1.99413E+00  2.04037E+00  2.05997E+00  2.04037E+00
  1.88325E+00  1.87407E+00  1.86061E+00  1.84755E+00  1.84202E+00  1.84755E+00  1.86062E+00  1.87417E+00  1.88385E+00  1.89074E+00  1.90090E+00  1.92446E+00  1.97148E+00  2.04037E+00  2.10715E+00  2.13545E+00  2.10716E+00
  1.87407E+00  1.85244E+00  1.82070E+00  1.78992E+00  1.77688E+00  1.78993E+00  1.82072E+00  1.85255E+00  1.87476E+00  1.88809E+00  1.90160E+00  1.92880E+00  1.98207E+00  2.05996E+00  2.13545E+00  2.16744E+00  2.13545E+00
  1.86061E+00  1.82070E+00  1.76214E+00  1.70535E+00  1.68129E+00  1.70535E+00  1.76215E+00  1.82080E+00  1.86121E+00  1.88322E+00  1.89893E+00  1.92403E+00  1.97137E+00  2.04030E+00  2.10710E+00  2.13542E+00  2.10713E+00
  1.84755E+00  1.78992E+00  1.70535E+00  1.62334E+00  1.58859E+00  1.62334E+00  1.70536E+00  1.78999E+00  1.84795E+00  1.87790E+00  1.89413E+00  1.91290E+00  1.94589E+00  1.99362E+00  2.03994E+00  2.05967E+00  2.04021E+00
  1.84199E+00  1.77684E+00  1.68124E+00  1.58855E+00  1.54928E+00  1.58858E+00  1.68128E+00  1.77688E+00  1.84210E+00  1.87476E+00  1.88915E+00  1.90025E+00  1.91773E+00  1.94334E+00  1.96877E+00  1.98024E+00  1.97048E+00
  1.84730E+00  1.78957E+00  1.70495E+00  1.62299E+00  1.58835E+00  1.62321E+00  1.70526E+00  1.78974E+00  1.84693E+00  1.87425E+00  1.88314E+00  1.88548E+00  1.88945E+00  1.89877E+00  1.91116E+00  1.91980E+00  1.91954E+00
  1.85906E+00  1.81847E+00  1.75962E+00  1.70312E+00  1.67974E+00  1.70449E+00  1.76164E+00  1.81988E+00  1.85788E+00  1.87218E+00  1.86870E+00  1.85558E+00  1.84262E+00  1.83961E+00  1.84987E+00  1.86724E+00  1.88212E+00
  1.86648E+00  1.84148E+00  1.80831E+00  1.77896E+00  1.76928E+00  1.78574E+00  1.81852E+00  1.84973E+00  1.86571E+00  1.85998E+00  1.83045E+00  1.78257E+00  1.73565E+00  1.71638E+00  1.73756E+00  1.78575E+00  1.83465E+00
  1.85404E+00  1.83190E+00  1.81294E+00  1.80537E+00  1.81279E+00  1.83156E+00  1.85287E+00  1.86681E+00  1.86330E+00  1.82932E+00  1.75194E+00  1.63629E+00  1.52385E+00  1.47630E+00  1.52423E+00  1.63698E+00  1.75310E+00
  1.79981E+00  1.75770E+00  1.73668E+00  1.74889E+00  1.78608E+00  1.82794E+00  1.85813E+00  1.86872E+00  1.85029E+00  1.78131E+00  1.63611E+00  1.42195E+00  1.21413E+00  1.12605E+00  1.21415E+00  1.42203E+00  1.63640E+00
  1.68210E+00  1.58923E+00  1.54905E+00  1.58694E+00  1.67849E+00  1.77354E+00  1.83707E+00  1.85940E+00  1.83374E+00  1.73365E+00  1.52362E+00  1.21424E+00  9.14075E-01  7.86823E-01  9.13965E-01  1.21411E+00  1.52367E+00
  1.50737E+00  1.33732E+00  1.26509E+00  1.33685E+00  1.50658E+00  1.68145E+00  1.79846E+00  1.84540E+00  1.82406E+00  1.71298E+00  1.47606E+00  1.12651E+00  7.87271E-01  6.43387E-01  7.86990E-01  1.12614E+00  1.47597E+00
  1.33758E+00  1.09222E+00  9.88223E-01  1.09214E+00  1.33741E+00  1.59006E+00  1.76020E+00  1.83444E+00  1.82761E+00  1.73279E+00  1.52408E+00  1.21515E+00  9.15113E-01  7.87738E-01  9.14593E-01  1.21444E+00  1.52380E+00
  1.26561E+00  9.88300E-01  8.70786E-01  9.88287E-01  1.26556E+00  1.55128E+00  1.74457E+00  1.83313E+00  1.84215E+00  1.78050E+00  1.63709E+00  1.42357E+00  1.21594E+00  1.12763E+00  1.21519E+00  1.42254E+00  1.63657E+00
  1.33760E+00  1.09227E+00  9.88304E-01  1.09226E+00  1.33758E+00  1.59045E+00  1.76199E+00  1.84290E+00  1.85999E+00  1.83017E+00  1.75349E+00  1.63820E+00  1.52582E+00  1.47782E+00  1.52497E+00  1.63702E+00  1.75280E+00
  1.50748E+00  1.33760E+00  1.26561E+00  1.33760E+00  1.50748E+00  1.68262E+00  1.80164E+00  1.85876E+00  1.87447E+00  1.86436E+00  1.83262E+00  1.78407E+00  1.73653E+00  1.71605E+00  1.73577E+00  1.78302E+00  1.83195E+00

  1.88905E+00  1.88776E+00  1.88586E+00  1.88402E+00  1.88325E+00  1.88403E+00  1.88587E+00  1.88784E+00  1.88953E+00  1.89202E+00  1.89891E+00  1.91705E+00  1.95379E+00  2.00770E+00  2.05997E+00  2.08212E+00  2.05997E+00
  1.88714E+00  1.88325E+00  1.87753E+00  1.87199E+00  1.86965E+00  1.87200E+00  1.87755E+00  1.88335E+00  1.88782E+00  1.89243E+00  1.90273E+00  1.92903E+00  1.98212E+00  2.05997E+00  2.13545E+00  2.16744E+00  2.13545E+00
  1.88325E+00  1.87407E+00  1.86061E+00  1.84755E+00  1.84202E+00  1.84755E+00  1.86062E+00  1.87419E+00  1.88402E+00  1.89157E+00  1.90409E+00  1.93405E+00  1.99410E+00  2.08211E+00  2.16743E+00  2.20372E+00  2.16744E+00
  1.87753E+00  1.86061E+00  1.83576E+00  1.81167E+00  1.80146E+00  1.81167E+00  1.83578E+00  1.86071E+00  1.87822E+00  1.88923E+00  1.90188E+00  1.92882E+00  1.98203E+00  2.05990E+00  2.13539E+00  2.16740E+00  2.13543E+00
  1.87199E+00  1.84754E+00  1.81167E+00  1.77688E+00  1.76214E+00  1.77688E+00  1.81168E+00  1.84762E+00  1.87244E+00  1.88628E+00  1.89725E+00  1.91641E+00  1.95325E+00  2.00714E+00  2.05948E+00  2.08178E+00  2.05979E+00
  1.86961E+00  1.84197E+00  1.80141E+00  1.76209E+00  1.74544E+00  1.76212E+00  1.80145E+00  1.84201E+00  1.86974E+00  1.88402E+00  1.89196E+00  1.90218E+00  1.92144E+00  1.95030E+00  1.97904E+00  1.99199E+00  1.98097E+00
