# # MODEL FILE WRITTEN BY MTPY.MODELING.MODEM, JON
   17   17   25    0 LOG10
    6000.000    3000.000    3000.000    3000.000    3000.000    3000.000    3000.000    3000.000    3000.000    3000.000    3000.000    3000.000    3000.000    3000.000    3000.000    3000.000    6000.000
    6000.000    3000.000    3000.000    3000.000    3000.000    3000.000    3000.000    3000.000    3000.000    3000.000    3000.000    3000.000    3000.000    3000.000    3000.000    3000.000    6000.000
      20.000      40.000      60.000      80.000     100.000     200.000     300.000     400.000     500.000     600.000     700.000     800.000     900.000    1000.000    1000.000    1500.000    1500.000    2000.000    2000.000    2500.000    2500.000    3000.000    3000.000    3500.000    3500.000

  1.52340E+00  1.52340E+00  1.52340E+00  1.52340E+00  1.52340E+00  1.52340E+00  1.52340E+00  1.52340E+00  1.52340E+00  1.52340E+00  1.52340E+00  1.52340E+00  1.52339E+00  1.52339E+00  1.52339E+00  1.52339E+00  1.52339E+00
  1.52340E+00  1.52340E+00  1.52340E+00  1.52340E+00  1.52340E+00  1.52340E+00  1.52340E+00  1.52340E+00  1.52340E+00  1.52340E+00  1.52339E+00  1.52339E+00  1.52339E+00  1.52339E+00  1.52339E+00  1.52339E+00  1.52339E+00
  1.52340E+00  1.52340E+00  1.52340E+00  1.52340E+00  1.52340E+00  1.52340E+00  1.52340E+00  1.52340E+00  1.52340E+00  1.52339E+00  1.52339E+00  1.52339E+00  1.52338E+00  1.52336E+00  1.52335E+00  1.52334E+00  1.52335E+00
  1.52340E+00  1.52340E+00  1.52340E+00  1.52340E+00  1.52340E+00  1.52340E+00  1.52340E+00  1.52340E+00  1.52339E+00  1.52339E+00  1.52338E+00  1.52336E+00  1.52331E+00  1.52324E+00  1.52317E+00  1.52314E+00  1.52317E+00
  1.52340E+00  1.52340E+00  1.52340E+00  1.52340E+00  1.52340E+00  1.52340E+00  1.52340E+00  1.52340E+00  1.52339E+00  1.52338E+00  1.52335E+00  1.52326E+00  1.52307E+00  1.52279E+00  1.52252E+00  1.52241E+00  1.52252E+00
  1.52340E+00  1.52340E+00  1.52340E+00  1.52340E+00  1.52340E+00  1.52340E+00  1.52340E+00  1.52339E+00  1.52339E+00  1.52336E+00  1.52326E+00  1.52298E+00  1.52241E+00  1.52157E+00  1.52076E+00  1.52042E+00  1.52076E+00
  1.52340E+00  1.52340E+00  1.52340E+00  1.52339E+00  1.52339E+00  1.52339E+00  1.52339E+00  1.52339E+00  1.52338E+00  1.52331E+00  1.52307E+00  1.52241E+00  1.52106E+00  1.51909E+00  1.51718E+00  1.51637E+00  1.51718E+00
  1.52339E+00  1.52339E+00  1.52338E+00  1.52337E+00  1.52336E+00  1.52336E+00  1.52336E+00  1.52337E+00  1.52335E+00  1.52323E+00  1.52279E+00  1.52157E+00  1.51909E+00  1.51546E+00  1.51193E+00  1.51044E+00  1.51193E+00
  1.52338E+00  1.52336E+00  1.52332E+00  1.52325E+00  1.52318E+00  1.52315E+00  1.52318E+00  1.52324E+00  1.52327E+00  1.52313E+00  1.52251E+00  1.52076E+00  1.51718E+00  1.51193E+00  1.50684E+00  1.50468E+00  1.50684E+00
  1.52334E+00  1.52323E+00  1.52300E+00  1.52267E+00  1.52235E+00  1.52221E+00  1.52235E+00  1.52266E+00  1.52295E+00  1.52297E+00  1.52235E+00  1.52040E+00  1.51637E+00  1.51044E+00  1.50468E+00  1.50224E+00  1.50468E+00
  1.52318E+00  1.52275E+00  1.52188E+00  1.52060E+00  1.51936E+00  1.51883E+00  1.51936E+00  1.52059E+00  1.52183E+00  1.52253E+00  1.52231E+00  1.52070E+00  1.51717E+00  1.51193E+00  1.50684E+00  1.50468E+00  1.50684E+00
  1.52275E+00  1.52146E+00  1.51883E+00  1.51498E+00  1.51124E+00  1.50966E+00  1.51124E+00  1.51497E+00  1.51880E+00  1.52130E+00  1.52215E+00  1.52140E+00  1.51906E+00  1.51545E+00  1.51193E+00  1.51044E+00  1.51193E+00
  1.52188E+00  1.51883E+00  1.51264E+00  1.50356E+00  1.49475E+00  1.49101E+00  1.49475E+00  1.50355E+00  1.51263E+00  1.51875E+00  1.52155E+00  1.52201E+00  1.52098E+00  1.51908E+00  1.51718E+00  1.51637E+00  1.51718E+00
  1.52060E+00  1.51498E+00  1.50356E+00  1.48679E+00  1.47054E+00  1.46365E+00  1.47054E+00  1.48679E+00  1.50355E+00  1.51494E+00  1.52046E+00  1.52225E+00  1.52226E+00  1.52155E+00  1.52076E+00  1.52042E+00  1.52076E+00
  1.51936E+00  1.51124E+00  1.49475E+00  1.47054E+00  1.44706E+00  1.43711E+00  1.44706E+00  1.47054E+00  1.49474E+00  1.51123E+00  1.51931E+00  1.52221E+00  1.52285E+00  1.52276E+00  1.52252E+00  1.52241E+00  1.52252E+00
  1.51883E+00  1.50966E+00  1.49101E+00  1.46365E+00  1.43711E+00  1.42587E+00  1.43711E+00  1.46365E+00  1.49101E+00  1.50965E+00  1.51882E+00  1.52217E+00  1.52307E+00  1.52320E+00  1.52316E+00  1.52314E+00  1.52317E+00
  1.51936E+00  1.51124E+00  1.49475E+00  1.47054E+00  1.44706E+00  1.43711E+00  1.44706E+00  1.47054E+00  1.49475E+00  1.51124E+00  1.51936E+00  1.52234E+00  1.52316E+00  1.52333E+00  1.52334E+00  1.52334E+00  1.52335E+00

  1.52342E+00  1.52342E+00  1.52342E+00  1.52341E+00  1.52340E+00  1.52340E+00  1.52340E+00  1.52340E+00  1.52340E+00  1.52340E+00  1.52340E+00  1.52339E+00  1.52339E+00  1.52339E+00  1.52339E+00  1.52339E+00  1.52339E+00
  1.52344E+00  1.52344E+00  1.52344E+00  1.52342E+00  1.52341E+00  1.52340E+00  1.52340E+00  1.52340E+00  1.52340E+00  1.52340E+00  1.52339E+00  1.52339E+00  1.52339E+00  1.52338E+00  1.52337E+00  1.52337E+00  1.52337E+00
  1.52346E+00  1.52346E+00  1.52346E+00  1.52344E+00  1.52342E+00  1.52340E+00  1.52340E+00  1.52340E+00  1.52340E+00  1.52339E+00  1.52339E+00  1.52337E+00  1.52334E+00  1.52330E+00  1.52326E+00  1.52324E+00  1.52326E+00
  1.52346E+00  1.52347E+00  1.52346E+00  1.52344E+00  1.52342E+00  1.52341E+00  1.52340E+00  1.52340E+00  1.52339E+00  1.52339E+00  1.52336E+00  1.52329E+00  1.52314E+00  1.52292E+00  1.52271E+00  1.52262E+00  1.52271E+00
  1.52346E+00  1.52346E+00  1.52346E+00  1.52344E+00  1.52342E+00  1.52340E+00  1.52340E+00  1.52339E+00  1.52339E+00  1.52336E+00  1.52326E+00  1.52298E+00  1.52241E+00  1.52157E+00  1.52076E+00  1.52042E+00  1.52076E+00
  1.52344E+00  1.52344E+00  1.52344E+00  1.52342E+00  1.52341E+00  1.52340E+00  1.52340E+00  1.52339E+00  1.52337E+00  1.52329E+00  1.52298E+00  1.52213E+00  1.52042E+00  1.51790E+00  1.51546E+00  1.51442E+00  1.51546E+00
  1.52342E+00  1.52342E+00  1.52342E+00  1.52341E+00  1.52340E+00  1.52339E+00  1.52339E+00  1.52338E+00  1.52334E+00  1.52314E+00  1.52241E+00  1.52042E+00  1.51637E+00  1.51044E+00  1.50468E+00  1.50224E+00  1.50468E+00
  1.52340E+00  1.52340E+00  1.52338E+00  1.52336E+00  1.52334E+00  1.52333E+00  1.52333E+00  1.52334E+00  1.52328E+00  1.52291E+00  1.52157E+00  1.51790E+00  1.51044E+00  1.49949E+00  1.48887E+00  1.48437E+00  1.48887E+00
  1.52338E+00  1.52334E+00  1.52325E+00  1.52312E+00  1.52300E+00  1.52295E+00  1.52300E+00  1.52310E+00  1.52311E+00  1.52265E+00  1.52074E+00  1.51545E+00  1.50468E+00  1.48887E+00  1.47353E+00  1.46704E+00  1.47353E+00
  1.52329E+00  1.52309E+00  1.52267E+00  1.52206E+00  1.52146E+00  1.52121E+00  1.52146E+00  1.52203E+00  1.52251E+00  1.52231E+00  1.52031E+00  1.51440E+00  1.50224E+00  1.48437E+00  1.46704E+00  1.45969E+00  1.46704E+00
  1.52300E+00  1.52221E+00  1.52060E+00  1.51824E+00  1.51595E+00  1.51498E+00  1.51595E+00  1.51822E+00  1.52046E+00  1.52152E+00  1.52037E+00  1.51535E+00  1.50466E+00  1.48887E+00  1.47353E+00  1.46704E+00  1.47353E+00
  1.52221E+00  1.51983E+00  1.51498E+00  1.50787E+00  1.50097E+00  1.49805E+00  1.50097E+00  1.50785E+00  1.51488E+00  1.51935E+00  1.52038E+00  1.51759E+00  1.51037E+00  1.49948E+00  1.48887E+00  1.48437E+00  1.48887E+00
  1.52060E+00  1.51498E+00  1.50356E+00  1.48679E+00  1.47054E+00  1.46365E+00  1.47054E+00  1.48678E+00  1.50350E+00  1.51472E+00  1.51961E+00  1.51969E+00  1.51622E+00  1.51041E+00  1.50468E+00  1.50224E+00  1.50468E+00
  1.51824E+00  1.50787E+00  1.48679E+00  1.45586E+00  1.42587E+00  1.41316E+00  1.42587E+00  1.45586E+00  1.48677E+00  1.50776E+00  1.51782E+00  1.52079E+00  1.52014E+00  1.51785E+00  1.51545E+00  1.51442E+00  1.51546E+00
  1.51595E+00  1.50097E+00  1.47054E+00  1.42587E+00  1.38256E+00  1.36420E+00  1.38256E+00  1.42587E+00  1.47053E+00  1.50094E+00  1.51581E+00  1.52104E+00  1.52201E+00  1.52151E+00  1.52075E+00  1.52042E+00  1.52076E+00
  1.51498E+00  1.49805E+00  1.46365E+00  1.41316E+00  1.36420E+00  1.34346E+00  1.36420E+00  1.41316E+00  1.46365E+00  1.49804E+00  1.51494E+00  1.52110E+00  1.52269E+00  1.52285E+00  1.52270E+00  1.52262E+00  1.52271E+00
  1.51595E+00  1.50097E+00  1.47054E+00  1.42587E+00  1.38256E+00  1.36420E+00  1.38256E+00  1.42587E+00  1.47054E+00  1.50097E+00  1.51594E+00  1.52144E+00  1.52295E+00  1.52324E+00  1.52325E+00  1.52324E+00  1.52326E+00

  1.52354E+00  1.52356E+00  1.52354E+00  1.52349E+00  1.52345E+00  1.52342E+00  1.52340E+00  1.52340E+00  1.52340E+00  1.52340E+00  1.52339E+00  1.52339E+00  1.52339E+00  1.52339E+00  1.52339E+00  1.52339E+00  1.52339E+00
  1.52366E+00  1.52369E+00  1.52366E+00  1.52358E+00  1.52349E+00  1.52344E+00  1.52341E+00  1.52340E+00  1.52340E+00  1.52339E+00  1.52339E+00  1.52339E+00  1.52338E+00  1.52336E+00  1.52334E+00  1.52334E+00  1.52334E+00
  1.52377E+00  1.52382E+00  1.52377E+00  1.52366E+00  1.52354E+00  1.52346E+00  1.52342E+00  1.52340E+00  1.52340E+00  1.52339E+00  1.52338E+00  1.52334E+00  1.52327E+00  1.52317E+00  1.52307E+00  1.52302E+00  1.52307E+00
  1.52382E+00  1.52388E+00  1.52382E+00  1.52369E+00  1.52356E+00  1.52346E+00  1.52342E+00  1.52340E+00  1.52339E+00  1.52337E+00  1.52331E+00  1.52314E+00  1.52279E+00  1.52228E+00  1.52178E+00  1.52157E+00  1.52178E+00
  1.52378E+00  1.52382E+00  1.52377E+00  1.52366E+00  1.52354E+00  1.52346E+00  1.52341E+00  1.52340E+00  1.52338E+00  1.52331E+00  1.52307E+00  1.52241E+00  1.52106E+00  1.51909E+00  1.51718E+00  1.51637E+00  1.51718E+00
  1.52366E+00  1.52369E+00  1.52366E+00  1.52358E+00  1.52349E+00  1.52344E+00  1.52341E+00  1.52339E+00  1.52334E+00  1.52314E+00  1.52241E+00  1.52042E+00  1.51637E+00  1.51044E+00  1.50468E+00  1.50224E+00  1.50468E+00
  1.52354E+00  1.52355E+00  1.52353E+00  1.52349E+00  1.52344E+00  1.52341E+00  1.52339E+00  1.52337E+00  1.52327E+00  1.52279E+00  1.52106E+00  1.51637E+00  1.50684E+00  1.49285E+00  1.47928E+00  1.47354E+00  1.47928E+00
  1.52345E+00  1.52345E+00  1.52342E+00  1.52337E+00  1.52333E+00  1.52330E+00  1.52330E+00  1.52330E+00  1.52313E+00  1.52226E+00  1.51909E+00  1.51044E+00  1.49285E+00  1.46704E+00  1.44201E+00  1.43140E+00  1.44201E+00
  1.52339E+00  1.52333E+00  1.52320E+00  1.52302E+00  1.52283E+00  1.52276E+00  1.52282E+00  1.52295E+00  1.52285E+00  1.52169E+00  1.51715E+00  1.50468E+00  1.47928E+00  1.44201E+00  1.40586E+00  1.39055E+00  1.40586E+00
  1.52325E+00  1.52296E+00  1.52235E+00  1.52146E+00  1.52060E+00  1.52024E+00  1.52059E+00  1.52140E+00  1.52198E+00  1.52113E+00  1.51622E+00  1.50221E+00  1.47353E+00  1.43140E+00  1.39054E+00  1.37323E+00  1.39054E+00
  1.52283E+00  1.52168E+00  1.51936E+00  1.51595E+00  1.51264E+00  1.51124E+00  1.51264E+00  1.51590E+00  1.51903E+00  1.52007E+00  1.51661E+00  1.50453E+00  1.47925E+00  1.44200E+00  1.40586E+00  1.39054E+00  1.40586E+00
  1.52168E+00  1.51824E+00  1.51124E+00  1.50097E+00  1.49101E+00  1.48679E+00  1.49101E+00  1.50094E+00  1.51101E+00  1.51712E+00  1.51738E+00  1.50999E+00  1.49276E+00  1.46702E+00  1.44201E+00  1.43140E+00  1.44201E+00
  1.51936E+00  1.51124E+00  1.49475E+00  1.47054E+00  1.44706E+00  1.43711E+00  1.44706E+00  1.47052E+00  1.49462E+00  1.51064E+00  1.51703E+00  1.51532E+00  1.50663E+00  1.49282E+00  1.47928E+00  1.47353E+00  1.47928E+00
  1.51595E+00  1.50097E+00  1.47054E+00  1.42587E+00  1.38256E+00  1.36420E+00  1.38256E+00  1.42586E+00  1.47048E+00  1.50071E+00  1.51496E+00  1.51848E+00  1.51598E+00  1.51037E+00  1.50467E+00  1.50224E+00  1.50468E+00
  1.51264E+00  1.49101E+00  1.44706E+00  1.38256E+00  1.32001E+00  1.29350E+00  1.32001E+00  1.38255E+00  1.44704E+00  1.49093E+00  1.51231E+00  1.51961E+00  1.52049E+00  1.51900E+00  1.51717E+00  1.51637E+00  1.51718E+00
  1.51124E+00  1.48679E+00  1.43711E+00  1.36420E+00  1.29350E+00  1.26354E+00  1.29350E+00  1.36420E+00  1.43711E+00  1.48677E+00  1.51116E+00  1.51998E+00  1.52215E+00  1.52217E+00  1.52177E+00  1.52157E+00  1.52178E+00
  1.51264E+00  1.49101E+00  1.44706E+00  1.38256E+00  1.32001E+00  1.29350E+00  1.32001E+00  1.38256E+00  1.44706E+00  1.49101E+00  1.51263E+00  1.52055E+00  1.52270E+00  1.52308E+00  1.52306E+00  1.52302E+00  1.52307E+00

  1.52410E+00  1.52419E+00  1.52410E+00  1.52388E+00  1.52366E+00  1.52351E+00  1.52343E+00  1.52340E+00  1.52340E+00  1.52340E+00  1.52339E+00  1.52339E+00  1.52339E+00  1.52339E+00  1.52338E+00  1.52338E+00  1.52338E+00
  1.52469E+00  1.52486E+00  1.52469E+00  1.52429E+00  1.52388E+00  1.52360E+00  1.52346E+00  1.52341E+00  1.52340E+00  1.52339E+00  1.52339E+00  1.52338E+00  1.52336E+00  1.52333E+00  1.52330E+00  1.52329E+00  1.52330E+00
  1.52526E+00  1.52551E+00  1.52526E+00  1.52469E+00  1.52410E+00  1.52369E+00  1.52349E+00  1.52342E+00  1.52340E+00  1.52339E+00  1.52336E+00  1.52330E+00  1.52317E+00  1.52298E+00  1.52279E+00  1.52271E+00  1.52279E+00
  1.52551E+00  1.52578E+00  1.52551E+00  1.52486E+00  1.52419E+00  1.52373E+00  1.52351E+00  1.52342E+00  1.52339E+00  1.52336E+00  1.52324E+00  1.52292E+00  1.52228E+00  1.52133E+00  1.52042E+00  1.52003E+00  1.52042E+00
  1.52527E+00  1.52551E+00  1.52526E+00  1.52469E+00  1.52410E+00  1.52369E+00  1.52349E+00  1.52342E+00  1.52337E+00  1.52324E+00  1.52279E+00  1.52157E+00  1.51909E+00  1.51546E+00  1.51193E+00  1.51044E+00  1.51193E+00
  1.52469E+00  1.52486E+00  1.52469E+00  1.52429E+00  1.52388E+00  1.52360E+00  1.52346E+00  1.52340E+00  1.52330E+00  1.52292E+00  1.52157E+00  1.51790E+00  1.51044E+00  1.49949E+00  1.48888E+00  1.48438E+00  1.48887E+00
  1.52410E+00  1.52419E+00  1.52409E+00  1.52387E+00  1.52365E+00  1.52349E+00  1.52342E+00  1.52336E+00  1.52317E+00  1.52228E+00  1.51909E+00  1.51044E+00  1.49286E+00  1.46705E+00  1.44202E+00  1.43141E+00  1.44202E+00
  1.52369E+00  1.52372E+00  1.52366E+00  1.52353E+00  1.52340E+00  1.52333E+00  1.52330E+00  1.52326E+00  1.52294E+00  1.52132E+00  1.51545E+00  1.49949E+00  1.46705E+00  1.41943E+00  1.37325E+00  1.35368E+00  1.37324E+00
  1.52346E+00  1.52341E+00  1.52325E+00  1.52302E+00  1.52279E+00  1.52268E+00  1.52275E+00  1.52286E+00  1.52255E+00  1.52031E+00  1.51190E+00  1.48887E+00  1.44202E+00  1.37325E+00  1.30656E+00  1.27830E+00  1.30655E+00
  1.52325E+00  1.52292E+00  1.52224E+00  1.52123E+00  1.52025E+00  1.51983E+00  1.52022E+00  1.52110E+00  1.52153E+00  1.51953E+00  1.51027E+00  1.48433E+00  1.43140E+00  1.35368E+00  1.27830E+00  1.24635E+00  1.27829E+00
  1.52276E+00  1.52147E+00  1.51884E+00  1.51498E+00  1.51124E+00  1.50966E+00  1.51123E+00  1.51488E+00  1.51823E+00  1.51848E+00  1.51129E+00  1.48871E+00  1.44198E+00  1.37324E+00  1.30655E+00  1.27829E+00  1.30655E+00
  1.52146E+00  1.51757E+00  1.50966E+00  1.49805E+00  1.48679E+00  1.48202E+00  1.48678E+00  1.49798E+00  1.50924E+00  1.51550E+00  1.51352E+00  1.49899E+00  1.46694E+00  1.41940E+00  1.37324E+00  1.35367E+00  1.37323E+00
  1.51883E+00  1.50966E+00  1.49101E+00  1.46365E+00  1.43711E+00  1.42587E+00  1.43711E+00  1.46361E+00  1.49079E+00  1.50854E+00  1.51453E+00  1.50925E+00  1.49261E+00  1.46700E+00  1.44200E+00  1.43140E+00  1.44201E+00
  1.51498E+00  1.49805E+00  1.46365E+00  1.41316E+00  1.36420E+00  1.34346E+00  1.36420E+00  1.41315E+00  1.46355E+00  1.49758E+00  1.51315E+00  1.51571E+00  1.50999E+00  1.49942E+00  1.48886E+00  1.48437E+00  1.48887E+00
  1.51124E+00  1.48679E+00  1.43711E+00  1.36420E+00  1.29350E+00  1.26354E+00  1.29350E+00  1.36420E+00  1.43708E+00  1.48664E+00  1.51064E+00  1.51841E+00  1.51845E+00  1.51535E+00  1.51192E+00  1.51044E+00  1.51193E+00
  1.50966E+00  1.48202E+00  1.42587E+00  1.34346E+00  1.26354E+00  1.22956E+00  1.26354E+00  1.34346E+00  1.42586E+00  1.48198E+00  1.50950E+00  1.51935E+00  1.52155E+00  1.52122E+00  1.52040E+00  1.52003E+00  1.52042E+00
  1.51124E+00  1.48679E+00  1.43711E+00  1.36420E+00  1.29350E+00  1.26354E+00  1.29350E+00  1.36420E+00  1.43711E+00  1.48678E+00  1.51121E+00  1.52014E+00  1.52253E+00  1.52287E+00  1.52278E+00  1.52271E+00  1.52279E+00

  1.52609E+00  1.52644E+00  1.52609E+00  1.52526E+00  1.52441E+00  1.52382E+00  1.52354E+00  1.52343E+00  1.52340E+00  1.52340E+00  1.52339E+00  1.52339E+00  1.52339E+00  1.52338E+00  1.52338E+00  1.52338E+00  1.52338E+00
  1.52837E+00  1.52902E+00  1.52837E+00  1.52684E+00  1.52526E+00  1.52419E+00  1.52366E+00  1.52346E+00  1.52341E+00  1.52340E+00  1.52339E+00  1.52337E+00  1.52334E+00  1.52330E+00  1.52326E+00  1.52324E+00  1.52326E+00
  1.53059E+00  1.53152E+00  1.53058E+00  1.52837E+00  1.52609E+00  1.52454E+00  1.52377E+00  1.52349E+00  1.52341E+00  1.52339E+00  1.52335E+00  1.52326E+00  1.52307E+00  1.52279E+00  1.52252E+00  1.52241E+00  1.52252E+00
  1.53154E+00  1.53259E+00  1.53153E+00  1.52902E+00  1.52644E+00  1.52469E+00  1.52382E+00  1.52350E+00  1.52341E+00  1.52334E+00  1.52317E+00  1.52271E+00  1.52179E+00  1.52042E+00  1.51910E+00  1.51854E+00  1.51910E+00
  1.53062E+00  1.53155E+00  1.53060E+00  1.52838E+00  1.52610E+00  1.52454E+00  1.52377E+00  1.52349E+00  1.52337E+00  1.52317E+00  1.52252E+00  1.52077E+00  1.51720E+00  1.51195E+00  1.50686E+00  1.50470E+00  1.50685E+00
  1.52842E+00  1.52906E+00  1.52840E+00  1.52685E+00  1.52527E+00  1.52419E+00  1.52365E+00  1.52344E+00  1.52327E+00  1.52271E+00  1.52077E+00  1.51548E+00  1.50472E+00  1.48892E+00  1.47359E+00  1.46709E+00  1.47357E+00
  1.52613E+00  1.52648E+00  1.52611E+00  1.52527E+00  1.52440E+00  1.52381E+00  1.52352E+00  1.52337E+00  1.52307E+00  1.52178E+00  1.51720E+00  1.50472E+00  1.47935E+00  1.44210E+00  1.40596E+00  1.39063E+00  1.40592E+00
  1.52456E+00  1.52470E+00  1.52452E+00  1.52413E+00  1.52374E+00  1.52348E+00  1.52335E+00  1.52325E+00  1.52276E+00  1.52041E+00  1.51195E+00  1.48892E+00  1.44210E+00  1.37336E+00  1.30668E+00  1.27841E+00  1.30663E+00
  1.52376E+00  1.52375E+00  1.52357E+00  1.52327E+00  1.52297E+00  1.52281E+00  1.52283E+00  1.52287E+00  1.52231E+00  1.51901E+00  1.50683E+00  1.47358E+00  1.40596E+00  1.30668E+00  1.21039E+00  1.16956E+00  1.21033E+00
  1.52335E+00  1.52307E+00  1.52245E+00  1.52153E+00  1.52064E+00  1.52025E+00  1.52059E+00  1.52130E+00  1.52136E+00  1.51809E+00  1.50455E+00  1.46705E+00  1.39062E+00  1.27841E+00  1.16956E+00  1.12341E+00  1.16950E+00
  1.52285E+00  1.52171E+00  1.51938E+00  1.51596E+00  1.51265E+00  1.51124E+00  1.51263E+00  1.51581E+00  1.51849E+00  1.51739E+00  1.50629E+00  1.47342E+00  1.40589E+00  1.30662E+00  1.21033E+00  1.16950E+00  1.21029E+00
  1.52169E+00  1.51824E+00  1.51125E+00  1.50097E+00  1.49101E+00  1.48679E+00  1.49100E+00  1.50088E+00  1.51064E+00  1.51526E+00  1.51023E+00  1.48844E+00  1.44195E+00  1.37326E+00  1.30659E+00  1.27833E+00  1.30657E+00
  1.51936E+00  1.51124E+00  1.49475E+00  1.47054E+00  1.44706E+00  1.43711E+00  1.44706E+00  1.47048E+00  1.49442E+00  1.50963E+00  1.51315E+00  1.50364E+00  1.47908E+00  1.44199E+00  1.40588E+00  1.39056E+00  1.40587E+00
  1.51595E+00  1.50097E+00  1.47054E+00  1.42587E+00  1.38256E+00  1.36420E+00  1.38255E+00  1.42585E+00  1.47040E+00  1.50029E+00  1.51331E+00  1.51352E+00  1.50429E+00  1.48881E+00  1.47353E+00  1.46704E+00  1.47354E+00
  1.51264E+00  1.49101E+00  1.44706E+00  1.38256E+00  1.32001E+00  1.29350E+00  1.32001E+00  1.38255E+00  1.44702E+00  1.49079E+00  1.51177E+00  1.51797E+00  1.51661E+00  1.51184E+00  1.50683E+00  1.50468E+00  1.50684E+00
  1.51124E+00  1.48679E+00  1.43711E+00  1.36420E+00  1.29350E+00  1.26354E+00  1.29350E+00  1.36420E+00  1.43710E+00  1.48673E+00  1.51101E+00  1.51955E+00  1.52114E+00  1.52031E+00  1.51908E+00  1.51853E+00  1.51909E+00
  1.51264E+00  1.49101E+00  1.44706E+00  1.38256E+00  1.32001E+00  1.29350E+00  1.32001E+00  1.38256E+00  1.44706E+00  1.49100E+00  1.51260E+00  1.52046E+00  1.52250E+00  1.52270E+00  1.52251E+00  1.52240E+00  1.52252E+00

  1.53153E+00  1.53258E+00  1.53152E+00  1.52902E+00  1.52644E+00  1.52469E+00  1.52382E+00  1.52351E+00  1.52342E+00  1.52340E+00  1.52339E+00  1.52339E+00  1.52339E+00  1.52338E+00  1.52338E+00  1.52337E+00  1.52338E+00
  1.53842E+00  1.54037E+00  1.53840E+00  1.53378E+00  1.52902E+00  1.52578E+00  1.52419E+00  1.52360E+00  1.52344E+00  1.52340E+00  1.52339E+00  1.52337E+00  1.52334E+00  1.52329E+00  1.52324E+00  1.52322E+00  1.52324E+00
  1.54515E+00  1.54795E+00  1.54510E+00  1.53841E+00  1.53153E+00  1.52684E+00  1.52454E+00  1.52369E+00  1.52345E+00  1.52339E+00  1.52335E+00  1.52324E+00  1.52303E+00  1.52272E+00  1.52242E+00  1.52229E+00  1.52241E+00
  1.54808E+00  1.55123E+00  1.54798E+00  1.54040E+00  1.53260E+00  1.52730E+00  1.52469E+00  1.52373E+00  1.52345E+00  1.52334E+00  1.52314E+00  1.52263E+00  1.52159E+00  1.52006E+00  1.51857E+00  1.51793E+00  1.51856E+00
  1.54537E+00  1.54815E+00  1.54523E+00  1.53848E+00  1.53156E+00  1.52685E+00  1.52454E+00  1.52369E+00  1.52340E+00  1.52315E+00  1.52242E+00  1.52045E+00  1.51644E+00  1.51054E+00  1.50480E+00  1.50235E+00  1.50475E+00
  1.53877E+00  1.54067E+00  1.53861E+00  1.53389E+00  1.52907E+00  1.52580E+00  1.52419E+00  1.52358E+00  1.52328E+00  1.52264E+00  1.52046E+00  1.51451E+00  1.50241E+00  1.48461E+00  1.46731E+00  1.45993E+00  1.46720E+00
  1.53187E+00  1.53288E+00  1.53172E+00  1.52913E+00  1.52648E+00  1.52469E+00  1.52381E+00  1.52344E+00  1.52305E+00  1.52160E+00  1.51644E+00  1.50241E+00  1.47384E+00  1.43185E+00  1.39105E+00  1.37367E+00  1.39085E+00
  1.52708E+00  1.52749E+00  1.52697E+00  1.52582E+00  1.52466E+00  1.52388E+00  1.52350E+00  1.52329E+00  1.52271E+00  1.52005E+00  1.51054E+00  1.48461E+00  1.43184E+00  1.35430E+00  1.27900E+00  1.24698E+00  1.27872E+00
  1.52465E+00  1.52474E+00  1.52447E+00  1.52396E+00  1.52345E+00  1.52314E+00  1.52304E+00  1.52298E+00  1.52227E+00  1.51851E+00  1.50478E+00  1.46730E+00  1.39104E+00  1.27900E+00  1.17024E+00  1.12401E+00  1.16992E+00
  1.52365E+00  1.52347E+00  1.52300E+00  1.52228E+00  1.52158E+00  1.52126E+00  1.52145E+00  1.52188E+00  1.52156E+00  1.51762E+00  1.50224E+00  1.45991E+00  1.37367E+00  1.24698E+00  1.12401E+00  1.07160E+00  1.12373E+00
  1.52308E+00  1.52229E+00  1.52067E+00  1.51829E+00  1.51597E+00  1.51499E+00  1.51593E+00  1.51808E+00  1.51962E+00  1.51737E+00  1.50436E+00  1.46710E+00  1.39083E+00  1.27872E+00  1.16992E+00  1.12373E+00  1.16972E+00
  1.52222E+00  1.51984E+00  1.51499E+00  1.50788E+00  1.50098E+00  1.49805E+00  1.50096E+00  1.50776E+00  1.51430E+00  1.51647E+00  1.50929E+00  1.48415E+00  1.43150E+00  1.35389E+00  1.27855E+00  1.24657E+00  1.27844E+00
  1.52060E+00  1.51498E+00  1.50356E+00  1.48679E+00  1.47054E+00  1.46365E+00  1.47053E+00  1.48673E+00  1.50319E+00  1.51316E+00  1.51359E+00  1.50156E+00  1.47346E+00  1.43148E+00  1.39066E+00  1.37333E+00  1.39061E+00
  1.51824E+00  1.50787E+00  1.48679E+00  1.45586E+00  1.42587E+00  1.41316E+00  1.42587E+00  1.45584E+00  1.48664E+00  1.50710E+00  1.51527E+00  1.51309E+00  1.50199E+00  1.48436E+00  1.46707E+00  1.45972E+00  1.46706E+00
  1.51595E+00  1.50097E+00  1.47054E+00  1.42587E+00  1.38256E+00  1.36420E+00  1.38256E+00  1.42586E+00  1.47049E+00  1.50072E+00  1.51496E+00  1.51848E+00  1.51598E+00  1.51038E+00  1.50468E+00  1.50225E+00  1.50469E+00
  1.51498E+00  1.49805E+00  1.46365E+00  1.41316E+00  1.36420E+00  1.34346E+00  1.36420E+00  1.41316E+00  1.46364E+00  1.49798E+00  1.51472E+00  1.52043E+00  1.52113E+00  1.51996E+00  1.51853E+00  1.51790E+00  1.51853E+00
  1.51595E+00  1.50097E+00  1.47054E+00  1.42587E+00  1.38256E+00  1.36420E+00  1.38256E+00  1.42587E+00  1.47053E+00  1.50096E+00  1.51590E+00  1.52130E+00  1.52263E+00  1.52265E+00  1.52240E+00  1.52228E+00  1.52241E+00

  1.54264E+00  1.54512E+00  1.54259E+00  1.53668E+00  1.53059E+00  1.52645E+00  1.52441E+00  1.52366E+00  1.52345E+00  1.52340E+00  1.52340E+00  1.52339E+00  1.52339E+00  1.52338E+00  1.52338E+00  1.52338E+00  1.52338E+00
  1.55904E+00  1.56360E+00  1.55890E+00  1.54795E+00  1.53669E+00  1.52903E+00  1.52527E+00  1.52388E+00  1.52349E+00  1.52341E+00  1.52339E+00  1.52338E+00  1.52335E+00  1.52331E+00  1.52326E+00  1.52324E+00  1.52326E+00
  1.57520E+00  1.58174E+00  1.57487E+00  1.55896E+00  1.54264E+00  1.53155E+00  1.52610E+00  1.52410E+00  1.52354E+00  1.52341E+00  1.52336E+00  1.52327E+00  1.52309E+00  1.52282E+00  1.52256E+00  1.52244E+00  1.52254E+00
  1.58255E+00  1.58988E+00  1.58195E+00  1.56380E+00  1.54523E+00  1.53264E+00  1.52646E+00  1.52419E+00  1.52355E+00  1.52337E+00  1.52319E+00  1.52276E+00  1.52187E+00  1.52055E+00  1.51924E+00  1.51866E+00  1.51918E+00
  1.57660E+00  1.58298E+00  1.57573E+00  1.55943E+00  1.54284E+00  1.53161E+00  1.52612E+00  1.52409E+00  1.52350E+00  1.52321E+00  1.52259E+00  1.52091E+00  1.51745E+00  1.51233E+00  1.50729E+00  1.50508E+00  1.50711E+00
  1.56122E+00  1.56552E+00  1.56024E+00  1.54867E+00  1.53700E+00  1.52913E+00  1.52529E+00  1.52387E+00  1.52337E+00  1.52278E+00  1.52091E+00  1.51581E+00  1.50533E+00  1.48980E+00  1.47458E+00  1.46797E+00  1.47418E+00
  1.54476E+00  1.54700E+00  1.54389E+00  1.53738E+00  1.53089E+00  1.52654E+00  1.52442E+00  1.52361E+00  1.52314E+00  1.52188E+00  1.51746E+00  1.50533E+00  1.48047E+00  1.44372E+00  1.40780E+00  1.39226E+00  1.40705E+00
  1.53306E+00  1.53394E+00  1.53245E+00  1.52951E+00  1.52663E+00  1.52472E+00  1.52380E+00  1.52340E+00  1.52283E+00  1.52055E+00  1.51232E+00  1.48980E+00  1.44372E+00  1.37571E+00  1.30934E+00  1.28075E+00  1.30825E+00
  1.52692E+00  1.52715E+00  1.52653E+00  1.52539E+00  1.52431E+00  1.52362E+00  1.52332E+00  1.52316E+00  1.52249E+00  1.51921E+00  1.50727E+00  1.47458E+00  1.40780E+00  1.30934E+00  1.21339E+00  1.17221E+00  1.21216E+00
  1.52440E+00  1.52434E+00  1.52392E+00  1.52327E+00  1.52266E+00  1.52234E+00  1.52237E+00  1.52253E+00  1.52205E+00  1.51850E+00  1.50502E+00  1.46795E+00  1.39225E+00  1.28075E+00  1.17221E+00  1.12576E+00  1.17113E+00
  1.52344E+00  1.52302E+00  1.52210E+00  1.52074E+00  1.51943E+00  1.51886E+00  1.51935E+00  1.52047E+00  1.52103E+00  1.51854E+00  1.50690E+00  1.47412E+00  1.40704E+00  1.30825E+00  1.21216E+00  1.17113E+00  1.21141E+00
  1.52281E+00  1.52151E+00  1.51888E+00  1.51501E+00  1.51125E+00  1.50966E+00  1.51123E+00  1.51489E+00  1.51824E+00  1.51853E+00  1.51144E+00  1.48905E+00  1.44262E+00  1.37415E+00  1.30759E+00  1.27921E+00  1.30718E+00
  1.52189E+00  1.51884E+00  1.51265E+00  1.50356E+00  1.49475E+00  1.49101E+00  1.49474E+00  1.50351E+00  1.51232E+00  1.51724E+00  1.51573E+00  1.50444E+00  1.47948E+00  1.44239E+00  1.40630E+00  1.39094E+00  1.40613E+00
  1.52060E+00  1.51498E+00  1.50356E+00  1.48679E+00  1.47054E+00  1.46365E+00  1.47053E+00  1.48677E+00  1.50342E+00  1.51430E+00  1.51799E+00  1.51478E+00  1.50462E+00  1.48898E+00  1.47368E+00  1.46717E+00  1.47362E+00
  1.51936E+00  1.51124E+00  1.49475E+00  1.47054E+00  1.44706E+00  1.43711E+00  1.44706E+00  1.47053E+00  1.49470E+00  1.51102E+00  1.51849E+00  1.51972E+00  1.51699E+00  1.51193E+00  1.50687E+00  1.50472E+00  1.50686E+00
  1.51883E+00  1.50966E+00  1.49101E+00  1.46365E+00  1.43711E+00  1.42587E+00  1.43711E+00  1.46365E+00  1.49100E+00  1.50960E+00  1.51861E+00  1.52153E+00  1.52154E+00  1.52038E+00  1.51910E+00  1.51854E+00  1.51910E+00
  1.51936E+00  1.51124E+00  1.49475E+00  1.47054E+00  1.44706E+00  1.43711E+00  1.44706E+00  1.47054E+00  1.49474E+00  1.51123E+00  1.51931E+00  1.52221E+00  1.52285E+00  1.52276E+00  1.52252E+00  1.52241E+00  1.52252E+00

  1.55927E+00  1.56380E+00  1.55904E+00  1.54802E+00  1.53672E+00  1.52904E+00  1.52527E+00  1.52388E+00  1.52349E+00  1.52341E+00  1.52340E+00  1.52339E+00  1.52339E+00  1.52339E+00  1.52339E+00  1.52339E+00  1.52339E+00
  1.59026E+00  1.59854E+00  1.58958E+00  1.56906E+00  1.54808E+00  1.53384E+00  1.52686E+00  1.52429E+00  1.52358E+00  1.52342E+00  1.52340E+00  1.52339E+00  1.52337E+00  1.52335E+00  1.52332E+00  1.52331E+00  1.52331E+00
  1.62156E+00  1.63333E+00  1.61995E+00  1.58988E+00  1.55927E+00  1.53856E+00  1.52842E+00  1.52470E+00  1.52366E+00  1.52343E+00  1.52338E+00  1.52334E+00  1.52324E+00  1.52308E+00  1.52291E+00  1.52281E+00  1.52286E+00
  1.63731E+00  1.65028E+00  1.63435E+00  1.59952E+00  1.56436E+00  1.54067E+00  1.52911E+00  1.52487E+00  1.52369E+00  1.52342E+00  1.52331E+00  1.52307E+00  1.52255E+00  1.52173E+00  1.52086E+00  1.52042E+00  1.52069E+00
  1.62845E+00  1.63943E+00  1.62417E+00  1.59216E+00  1.56024E+00  1.53888E+00  1.52850E+00  1.52471E+00  1.52365E+00  1.52334E+00  1.52298E+00  1.52202E+00  1.51991E+00  1.51664E+00  1.51327E+00  1.51162E+00  1.51275E+00
  1.60097E+00  1.60801E+00  1.59614E+00  1.57262E+00  1.54959E+00  1.53434E+00  1.52699E+00  1.52431E+00  1.52352E+00  1.52310E+00  1.52202E+00  1.51895E+00  1.51238E+00  1.50229E+00  1.49203E+00  1.48717E+00  1.49081E+00
  1.56971E+00  1.57304E+00  1.56544E+00  1.55149E+00  1.53819E+00  1.52953E+00  1.52539E+00  1.52388E+00  1.52334E+00  1.52257E+00  1.51992E+00  1.51238E+00  1.49643E+00  1.47220E+00  1.44784E+00  1.43656E+00  1.44558E+00
  1.54600E+00  1.54707E+00  1.54304E+00  1.53629E+00  1.53007E+00  1.52612E+00  1.52426E+00  1.52356E+00  1.52312E+00  1.52173E+00  1.51664E+00  1.50229E+00  1.47220E+00  1.42687E+00  1.38166E+00  1.36112E+00  1.37839E+00
  1.53250E+00  1.53266E+00  1.53087E+00  1.52815E+00  1.52575E+00  1.52428E+00  1.52361E+00  1.52334E+00  1.52289E+00  1.52085E+00  1.51327E+00  1.49203E+00  1.44784E+00  1.38166E+00  1.31607E+00  1.28671E+00  1.31237E+00
  1.52642E+00  1.52634E+00  1.52560E+00  1.52456E+00  1.52368E+00  1.52318E+00  1.52303E+00  1.52302E+00  1.52265E+00  1.52035E+00  1.51160E+00  1.48716E+00  1.43656E+00  1.36112E+00  1.28671E+00  1.25379E+00  1.28344E+00
  1.52415E+00  1.52394E+00  1.52337E+00  1.52259E+00  1.52186E+00  1.52153E+00  1.52169E+00  1.52213E+00  1.52222E+00  1.52042E+00  1.51266E+00  1.49078E+00  1.44558E+00  1.37839E+00  1.31237E+00  1.28344E+00  1.31011E+00
  1.52332E+00  1.52276E+00  1.52159E+00  1.51990E+00  1.51828E+00  1.51758E+00  1.51824E+00  1.51977E+00  1.52108E+00  1.52066E+00  1.51563E+00  1.50047E+00  1.46896E+00  1.42221E+00  1.37639E+00  1.35646E+00  1.37517E+00
  1.52279E+00  1.52149E+00  1.51886E+00  1.51499E+00  1.51125E+00  1.50966E+00  1.51124E+00  1.51495E+00  1.51862E+00  1.52040E+00  1.51864E+00  1.51072E+00  1.49364E+00  1.46822E+00  1.44335E+00  1.43259E+00  1.44283E+00
  1.52222E+00  1.51983E+00  1.51498E+00  1.50787E+00  1.50097E+00  1.49805E+00  1.50097E+00  1.50785E+00  1.51489E+00  1.51937E+00  1.52045E+00  1.51774E+00  1.51065E+00  1.49987E+00  1.48931E+00  1.48476E+00  1.48914E+00
  1.52168E+00  1.51824E+00  1.51124E+00  1.50097E+00  1.49101E+00  1.48679E+00  1.49101E+00  1.50097E+00  1.51121E+00  1.51809E+00  1.52109E+00  1.52116E+00  1.51907E+00  1.51554E+00  1.51204E+00  1.51054E+00  1.51200E+00
  1.52146E+00  1.51757E+00  1.50966E+00  1.49805E+00  1.48679E+00  1.48202E+00  1.48679E+00  1.49805E+00  1.50965E+00  1.51753E+00  1.52131E+00  1.52243E+00  1.52219E+00  1.52134E+00  1.52044E+00  1.52005E+00  1.52043E+00
  1.52168E+00  1.51824E+00  1.51124E+00  1.50097E+00  1.49101E+00  1.48679E+00  1.49101E+00  1.50097E+00  1.51124E+00  1.51823E+00  1.52165E+00  1.52286E+00  1.52308E+00  1.52296E+00  1.52279E+00  1.52271E+00  1.52279E+00

  1.57660E+00  1.58298E+00  1.57573E+00  1.55943E+00  1.54284E+00  1.53161E+00  1.52612E+00  1.52410E+00  1.52354E+00  1.52342E+00  1.52340E+00  1.52340E+00  1.52340E+00  1.52340E+00  1.52340E+00  1.52340E+00  1.52339E+00
  1.62417E+00  1.63565E+00  1.62156E+00  1.59075E+00  1.55963E+00  1.53868E+00  1.52845E+00  1.52470E+00  1.52366E+00  1.52344E+00  1.52341E+00  1.52341E+00  1.52341E+00  1.52341E+00  1.52340E+00  1.52339E+00  1.52338E+00
  1.67510E+00  1.69096E+00  1.66893E+00  1.62271E+00  1.57660E+00  1.54576E+00  1.53077E+00  1.52530E+00  1.52378E+00  1.52346E+00  1.52342E+00  1.52343E+00  1.52344E+00  1.52341E+00  1.52334E+00  1.52327E+00  1.52323E+00
  1.70625E+00  1.72287E+00  1.69487E+00  1.63943E+00  1.58513E+00  1.54920E+00  1.53187E+00  1.52558E+00  1.52384E+00  1.52349E+00  1.52347E+00  1.52349E+00  1.52343E+00  1.52321E+00  1.52283E+00  1.52250E+00  1.52242E+00
  1.70161E+00  1.71441E+00  1.68517E+00  1.63151E+00  1.58033E+00  1.54700E+00  1.53109E+00  1.52537E+00  1.52381E+00  1.52352E+00  1.52352E+00  1.52346E+00  1.52300E+00  1.52189E+00  1.52035E+00  1.51917E+00  1.51912E+00
  1.66538E+00  1.67211E+00  1.64680E+00  1.60443E+00  1.56544E+00  1.54061E+00  1.52895E+00  1.52482E+00  1.52372E+00  1.52353E+00  1.52346E+00  1.52289E+00  1.52094E+00  1.51704E+00  1.51214E+00  1.50884E+00  1.50925E+00
  1.61679E+00  1.61854E+00  1.60035E+00  1.57277E+00  1.54850E+00  1.53349E+00  1.52661E+00  1.52421E+00  1.52360E+00  1.52346E+00  1.52300E+00  1.52094E+00  1.51527E+00  1.50502E+00  1.49304E+00  1.48571E+00  1.48771E+00
  1.57440E+00  1.57383E+00  1.56301E+00  1.54812E+00  1.53564E+00  1.52821E+00  1.52489E+00  1.52377E+00  1.52348E+00  1.52322E+00  1.52189E+00  1.51704E+00  1.50502E+00  1.48462E+00  1.46188E+00  1.44898E+00  1.45418E+00
  1.54650E+00  1.54559E+00  1.54032E+00  1.53363E+00  1.52830E+00  1.52525E+00  1.52394E+00  1.52352E+00  1.52335E+00  1.52283E+00  1.52034E+00  1.51214E+00  1.49304E+00  1.46188E+00  1.42832E+00  1.41041E+00  1.41962E+00
  1.53201E+00  1.53146E+00  1.52934E+00  1.52683E+00  1.52490E+00  1.52384E+00  1.52343E+00  1.52332E+00  1.52322E+00  1.52248E+00  1.51916E+00  1.50884E+00  1.48571E+00  1.44898E+00  1.41041E+00  1.39081E+00  1.40272E+00
  1.52599E+00  1.52572E+00  1.52494E+00  1.52401E+00  1.52328E+00  1.52292E+00  1.52287E+00  1.52299E+00  1.52302E+00  1.52233E+00  1.51909E+00  1.50924E+00  1.48771E+00  1.45418E+00  1.41962E+00  1.40272E+00  1.41429E+00
  1.52395E+00  1.52371E+00  1.52317E+00  1.52245E+00  1.52179E+00  1.52150E+00  1.52169E+00  1.52219E+00  1.52261E+00  1.52235E+00  1.52005E+00  1.51289E+00  1.49741E+00  1.47363E+00  1.44946E+00  1.43800E+00  1.44657E+00
  1.52331E+00  1.52287E+00  1.52196E+00  1.52065E+00  1.51938E+00  1.51884E+00  1.51936E+00  1.52059E+00  1.52179E+00  1.52229E+00  1.52129E+00  1.51737E+00  1.50877E+00  1.49565E+00  1.48245E+00  1.47633E+00  1.48122E+00
  1.52302E+00  1.52223E+00  1.52061E+00  1.51825E+00  1.51595E+00  1.51498E+00  1.51595E+00  1.51823E+00  1.52056E+00  1.52200E+00  1.52216E+00  1.52066E+00  1.51699E+00  1.51136E+00  1.50573E+00  1.50317E+00  1.50533E+00
  1.52283E+00  1.52169E+00  1.51936E+00  1.51595E+00  1.51264E+00  1.51124E+00  1.51264E+00  1.51595E+00  1.51934E+00  1.52161E+00  1.52254E+00  1.52235E+00  1.52120E+00  1.51933E+00  1.51745E+00  1.51661E+00  1.51735E+00
  1.52275E+00  1.52146E+00  1.51883E+00  1.51498E+00  1.51124E+00  1.50966E+00  1.51124E+00  1.51498E+00  1.51883E+00  1.52144E+00  1.52267E+00  1.52299E+00  1.52279E+00  1.52232E+00  1.52183E+00  1.52162E+00  1.52181E+00
  1.52283E+00  1.52168E+00  1.51936E+00  1.51595E+00  1.51264E+00  1.51124E+00  1.51264E+00  1.51595E+00  1.51936E+00  1.52168E+00  1.52281E+00  1.52320E+00  1.52325E+00  1.52317E+00  1.52307E+00  1.52303E+00  1.52307E+00

  1.58775E+00  1.59448E+00  1.58513E+00  1.56552E+00  1.54596E+00  1.53288E+00  1.52652E+00  1.52420E+00  1.52356E+00  1.52342E+00  1.52340E+00  1.52340E+00  1.52340E+00  1.52341E+00  1.52341E+00  1.52341E+00  1.52340E+00
  1.65002E+00  1.66152E+00  1.64214E+00  1.60374E+00  1.56615E+00  1.54127E+00  1.52926E+00  1.52491E+00  1.52370E+00  1.52345E+00  1.52341E+00  1.52343E+00  1.52345E+00  1.52347E+00  1.52348E+00  1.52346E+00  1.52344E+00
  1.72483E+00  1.73930E+00  1.70625E+00  1.64560E+00  1.58775E+00  1.55007E+00  1.53209E+00  1.52562E+00  1.52385E+00  1.52349E+00  1.52347E+00  1.52354E+00  1.52365E+00  1.52374E+00  1.52376E+00  1.52368E+00  1.52356E+00
  1.78537E+00  1.79785E+00  1.75109E+00  1.67290E+00  1.60097E+00  1.55515E+00  1.53364E+00  1.52600E+00  1.52394E+00  1.52356E+00  1.52364E+00  1.52393E+00  1.52433E+00  1.52464E+00  1.52465E+00  1.52434E+00  1.52390E+00
  1.80467E+00  1.80994E+00  1.75516E+00  1.67211E+00  1.59900E+00  1.55381E+00  1.53306E+00  1.52583E+00  1.52394E+00  1.52371E+00  1.52409E+00  1.52491E+00  1.52598E+00  1.52673E+00  1.52660E+00  1.52558E+00  1.52434E+00
  1.77413E+00  1.77132E+00  1.71817E+00  1.64495E+00  1.58363E+00  1.54707E+00  1.53077E+00  1.52524E+00  1.52389E+00  1.52398E+00  1.52492E+00  1.52670E+00  1.52885E+00  1.53007E+00  1.52922E+00  1.52660E+00  1.52389E+00
  1.70880E+00  1.70157E+00  1.65929E+00  1.60572E+00  1.56302E+00  1.53854E+00  1.52800E+00  1.52456E+00  1.52386E+00  1.52436E+00  1.52599E+00  1.52885E+00  1.53193E+00  1.53290E+00  1.53007E+00  1.52470E+00  1.52024E+00
  1.63633E+00  1.62931E+00  1.60205E+00  1.56970E+00  1.54503E+00  1.53142E+00  1.52577E+00  1.52402E+00  1.52385E+00  1.52465E+00  1.52674E+00  1.53007E+00  1.53290E+00  1.53192E+00  1.52553E+00  1.51681E+00  1.51133E+00
  1.57947E+00  1.57500E+00  1.56089E+00  1.54493E+00  1.53319E+00  1.52692E+00  1.52441E+00  1.52370E+00  1.52380E+00  1.52465E+00  1.52660E+00  1.52922E+00  1.53007E+00  1.52553E+00  1.51498E+00  1.50370E+00  1.49892E+00
  1.54585E+00  1.54377E+00  1.53795E+00  1.53158E+00  1.52701E+00  1.52464E+00  1.52372E+00  1.52351E+00  1.52368E+00  1.52433E+00  1.52558E+00  1.52659E+00  1.52470E+00  1.51681E+00  1.50370E+00  1.49213E+00  1.48950E+00
  1.53057E+00  1.52983E+00  1.52791E+00  1.52583E+00  1.52436E+00  1.52361E+00  1.52335E+00  1.52334E+00  1.52350E+00  1.52387E+00  1.52432E+00  1.52388E+00  1.52023E+00  1.51133E+00  1.49892E+00  1.48950E+00  1.48909E+00
  1.52520E+00  1.52495E+00  1.52437E+00  1.52371E+00  1.52322E+00  1.52297E+00  1.52296E+00  1.52309E+00  1.52328E+00  1.52348E+00  1.52348E+00  1.52246E+00  1.51886E+00  1.51166E+00  1.50263E+00  1.49654E+00  1.49730E+00
  1.52371E+00  1.52355E+00  1.52323E+00  1.52279E+00  1.52239E+00  1.52221E+00  1.52233E+00  1.52265E+00  1.52300E+00  1.52323E+00  1.52316E+00  1.52234E+00  1.51994E+00  1.51560E+00  1.51052E+00  1.50741E+00  1.50826E+00
  1.52335E+00  1.52314E+00  1.52270E+00  1.52207E+00  1.52146E+00  1.52120E+00  1.52144E+00  1.52204E+00  1.52265E+00  1.52306E+00  1.52314E+00  1.52274E+00  1.52159E+00  1.51961E+00  1.51739E+00  1.51613E+00  1.51664E+00
  1.52325E+00  1.52296E+00  1.52235E+00  1.52146E+00  1.52060E+00  1.52023E+00  1.52059E+00  1.52145E+00  1.52233E+00  1.52293E+00  1.52317E+00  1.52310E+00  1.52270E+00  1.52201E+00  1.52126E+00  1.52086E+00  1.52107E+00
  1.52323E+00  1.52289E+00  1.52221E+00  1.52121E+00  1.52023E+00  1.51982E+00  1.52023E+00  1.52120E+00  1.52220E+00  1.52288E+00  1.52320E+00  1.52327E+00  1.52319E+00  1.52300E+00  1.52281E+00  1.52271E+00  1.52277E+00
  1.52325E+00  1.52295E+00  1.52235E+00  1.52146E+00  1.52060E+00  1.52023E+00  1.52060E+00  1.52146E+00  1.52234E+00  1.52295E+00  1.52324E+00  1.52334E+00  1.52334E+00  1.52331E+00  1.52327E+00  1.52325E+00  1.52326E+00

  1.59028E+00  1.59509E+00  1.58411E+00  1.56397E+00  1.54476E+00  1.53225E+00  1.52628E+00  1.52413E+00  1.52354E+00  1.52342E+00  1.52340E+00  1.52340E+00  1.52341E+00  1.52342E+00  1.52342E+00  1.52342E+00  1.52341E+00
  1.66538E+00  1.67211E+00  1.64680E+00  1.60443E+00  1.56544E+00  1.54061E+00  1.52895E+00  1.52481E+00  1.52368E+00  1.52345E+00  1.52342E+00  1.52344E+00  1.52348E+00  1.52352E+00  1.52354E+00  1.52352E+00  1.52348E+00
  1.77224E+00  1.77690E+00  1.72844E+00  1.65496E+00  1.59028E+00  1.55030E+00  1.53195E+00  1.52554E+00  1.52383E+00  1.52349E+00  1.52350E+00  1.52363E+00  1.52382E+00  1.52401E+00  1.52408E+00  1.52399E+00  1.52379E+00
  1.88548E+00  1.88143E+00  1.80467E+00  1.69894E+00  1.61038E+00  1.55759E+00  1.53405E+00  1.52603E+00  1.52394E+00  1.52360E+00  1.52379E+00  1.52429E+00  1.52502E+00  1.52571E+00  1.52597E+00  1.52561E+00  1.52488E+00
  1.96044E+00  1.94340E+00  1.84374E+00  1.71745E+00  1.61679E+00  1.55910E+00  1.53424E+00  1.52603E+00  1.52399E+00  1.52385E+00  1.52455E+00  1.52606E+00  1.52823E+00  1.53025E+00  1.53095E+00  1.52986E+00  1.52768E+00
  1.95794E+00  1.93093E+00  1.82603E+00  1.70157E+00  1.60665E+00  1.55429E+00  1.53251E+00  1.52558E+00  1.52403E+00  1.52435E+00  1.52606E+00  1.52957E+00  1.53458E+00  1.53915E+00  1.54063E+00  1.53800E+00  1.53293E+00
