# # MODEL FILE WRITTEN BY MTPY.MODELING.MODEM, JON
   17   17   25    0 LOG10
    6000.000    3000.000    3000.000    3000.000    3000.000    3000.000    3000.000    3000.000    3000.000    3000.000    3000.000    3000.000    3000.000    3000.000    3000.000    3000.000    6000.000
    6000.000    3000.000    3000.000    3000.000    3000.000    3000.000    3000.000    3000.000    3000.000    3000.000    3000.000    3000.000    3000.000    3000.000    3000.000    3000.000    6000.000
      20.000      40.000      60.000      80.000     100.000     200.000     300.000     400.000     500.000     600.000     700.000     800.000     900.000    1000.000    1000.000    1500.000    1500.000    2000.000    2000.000    2500.000    2500.000    3000.000    3000.000    3500.000    3500.000

  1.56233E+00  1.56233E+00  1.56233E+00  1.56233E+00  1.56233E+00  1.56233E+00  1.56232E+00  1.56232E+00  1.56232E+00  1.56232E+00  1.56232E+00  1.56232E+00  1.56232E+00  1.56232E+00  1.56232E+00  1.56232E+00  1.56232E+00
  1.56234E+00  1.56235E+00  1.56236E+00  1.56235E+00  1.56234E+00  1.56233E+00  1.56233E+00  1.56232E+00  1.56232E+00  1.56232E+00  1.56232E+00  1.56232E+00  1.56232E+00  1.56232E+00  1.56232E+00  1.56232E+00  1.56232E+00
  1.56240E+00  1.56243E+00  1.56245E+00  1.56243E+00  1.56240E+00  1.56236E+00  1.56234E+00  1.56233E+00  1.56232E+00  1.56232E+00  1.56232E+00  1.56232E+00  1.56232E+00  1.56232E+00  1.56232E+00  1.56232E+00  1.56232E+00
  1.56255E+00  1.56265E+00  1.56270E+00  1.56265E+00  1.56255E+00  1.56245E+00  1.56238E+00  1.56234E+00  1.56233E+00  1.56232E+00  1.56232E+00  1.56232E+00  1.56232E+00  1.56232E+00  1.56232E+00  1.56232E+00  1.56232E+00
  1.56286E+00  1.56310E+00  1.56321E+00  1.56310E+00  1.56286E+00  1.56262E+00  1.56245E+00  1.56236E+00  1.56233E+00  1.56233E+00  1.56232E+00  1.56232E+00  1.56232E+00  1.56232E+00  1.56232E+00  1.56232E+00  1.56232E+00
  1.56332E+00  1.56376E+00  1.56395E+00  1.56376E+00  1.56332E+00  1.56286E+00  1.56255E+00  1.56240E+00  1.56234E+00  1.56233E+00  1.56232E+00  1.56232E+00  1.56232E+00  1.56232E+00  1.56232E+00  1.56232E+00  1.56232E+00
  1.56376E+00  1.56440E+00  1.56467E+00  1.56440E+00  1.56376E+00  1.56310E+00  1.56265E+00  1.56243E+00  1.56235E+00  1.56233E+00  1.56232E+00  1.56232E+00  1.56232E+00  1.56232E+00  1.56232E+00  1.56232E+00  1.56232E+00
  1.56395E+00  1.56467E+00  1.56498E+00  1.56467E+00  1.56395E+00  1.56321E+00  1.56270E+00  1.56245E+00  1.56236E+00  1.56233E+00  1.56232E+00  1.56232E+00  1.56232E+00  1.56232E+00  1.56232E+00  1.56232E+00  1.56232E+00
  1.56376E+00  1.56440E+00  1.56467E+00  1.56440E+00  1.56376E+00  1.56310E+00  1.56265E+00  1.56243E+00  1.56235E+00  1.56233E+00  1.56232E+00  1.56232E+00  1.56232E+00  1.56232E+00  1.56232E+00  1.56232E+00  1.56232E+00
  1.56332E+00  1.56376E+00  1.56395E+00  1.56376E+00  1.56332E+00  1.56286E+00  1.56255E+00  1.56240E+00  1.56234E+00  1.56233E+00  1.56232E+00  1.56232E+00  1.56232E+00  1.56232E+00  1.56232E+00  1.56232E+00  1.56232E+00
  1.56286E+00  1.56310E+00  1.56321E+00  1.56310E+00  1.56286E+00  1.56262E+00  1.56245E+00  1.56236E+00  1.56233E+00  1.56233E+00  1.56232E+00  1.56232E+00  1.56232E+00  1.56232E+00  1.56232E+00  1.56232E+00  1.56232E+00
  1.56255E+00  1.56265E+00  1.56270E+00  1.56265E+00  1.56255E+00  1.56245E+00  1.56238E+00  1.56234E+00  1.56233E+00  1.56232E+00  1.56232E+00  1.56232E+00  1.56232E+00  1.56232E+00  1.56232E+00  1.56232E+00  1.56232E+00
  1.56240E+00  1.56243E+00  1.56245E+00  1.56243E+00  1.56240E+00  1.56236E+00  1.56234E+00  1.56233E+00  1.56232E+00  1.56232E+00  1.56232E+00  1.56232E+00  1.56232E+00  1.56232E+00  1.56232E+00  1.56232E+00  1.56232E+00
  1.56234E+00  1.56235E+00  1.56236E+00  1.56235E+00  1.56234E+00  1.56233E+00  1.56233E+00  1.56232E+00  1.56232E+00  1.56232E+00  1.56232E+00  1.56232E+00  1.56232E+00  1.56232E+00  1.56232E+00  1.56232E+00  1.56232E+00
  1.56233E+00  1.56233E+00  1.56233E+00  1.56233E+00  1.56233E+00  1.56233E+00  1.56232E+00  1.56232E+00  1.56232E+00  1.56232E+00  1.56232E+00  1.56232E+00  1.56232E+00  1.56232E+00  1.56232E+00  1.56232E+00  1.56232E+00
  1.56232E+00  1.56232E+00  1.56232E+00  1.56232E+00  1.56232E+00  1.56232E+00  1.56232E+00  1.56232E+00  1.56232E+00  1.56232E+00  1.56232E+00  1.56232E+00  1.56232E+00  1.56232E+00  1.56232E+00  1.56232E+00  1.56232E+00
  1.56232E+00  1.56232E+00  1.56232E+00  1.56232E+00  1.56232E+00  1.56232E+00  1.56232E+00  1.56232E+00  1.56232E+00  1.56232E+00  1.56232E+00  1.56232E+00  1.56232E+00  1.56232E+00  1.56232E+00  1.56232E+00  1.56232E+00

  1.56234E+00  1.56235E+00  1.56235E+00  1.56235E+00  1.56234E+00  1.56233E+00  1.56233E+00  1.56232E+00  1.56232E+00  1.56232E+00  1.56232E+00  1.56232E+00  1.56232E+00  1.56232E+00  1.56232E+00  1.56232E+00  1.56232E+00
  1.56240E+00  1.56243E+00  1.56245E+00  1.56243E+00  1.56240E+00  1.56236E+00  1.56234E+00  1.56233E+00  1.56232E+00  1.56232E+00  1.56232E+00  1.56232E+00  1.56232E+00  1.56232E+00  1.56232E+00  1.56232E+00  1.56232E+00
  1.56262E+00  1.56275E+00  1.56280E+00  1.56275E+00  1.56262E+00  1.56248E+00  1.56239E+00  1.56235E+00  1.56233E+00  1.56232E+00  1.56232E+00  1.56232E+00  1.56232E+00  1.56232E+00  1.56232E+00  1.56232E+00  1.56232E+00
  1.56321E+00  1.56360E+00  1.56376E+00  1.56360E+00  1.56321E+00  1.56280E+00  1.56253E+00  1.56239E+00  1.56234E+00  1.56233E+00  1.56232E+00  1.56232E+00  1.56231E+00  1.56231E+00  1.56231E+00  1.56231E+00  1.56231E+00
  1.56440E+00  1.56533E+00  1.56572E+00  1.56533E+00  1.56440E+00  1.56345E+00  1.56280E+00  1.56248E+00  1.56236E+00  1.56233E+00  1.56232E+00  1.56231E+00  1.56230E+00  1.56229E+00  1.56229E+00  1.56229E+00  1.56230E+00
  1.56616E+00  1.56786E+00  1.56858E+00  1.56786E+00  1.56616E+00  1.56440E+00  1.56321E+00  1.56262E+00  1.56240E+00  1.56234E+00  1.56232E+00  1.56231E+00  1.56229E+00  1.56228E+00  1.56228E+00  1.56228E+00  1.56229E+00
  1.56786E+00  1.57032E+00  1.57136E+00  1.57032E+00  1.56786E+00  1.56533E+00  1.56360E+00  1.56275E+00  1.56243E+00  1.56234E+00  1.56232E+00  1.56231E+00  1.56229E+00  1.56228E+00  1.56227E+00  1.56228E+00  1.56229E+00
  1.56858E+00  1.57136E+00  1.57254E+00  1.57136E+00  1.56858E+00  1.56572E+00  1.56376E+00  1.56280E+00  1.56245E+00  1.56235E+00  1.56232E+00  1.56231E+00  1.56229E+00  1.56228E+00  1.56228E+00  1.56228E+00  1.56229E+00
  1.56786E+00  1.57032E+00  1.57136E+00  1.57032E+00  1.56786E+00  1.56533E+00  1.56360E+00  1.56275E+00  1.56243E+00  1.56234E+00  1.56232E+00  1.56231E+00  1.56230E+00  1.56229E+00  1.56229E+00  1.56229E+00  1.56230E+00
  1.56616E+00  1.56786E+00  1.56858E+00  1.56786E+00  1.56616E+00  1.56440E+00  1.56321E+00  1.56262E+00  1.56240E+00  1.56234E+00  1.56232E+00  1.56232E+00  1.56231E+00  1.56231E+00  1.56231E+00  1.56231E+00  1.56231E+00
  1.56440E+00  1.56533E+00  1.56572E+00  1.56532E+00  1.56440E+00  1.56345E+00  1.56280E+00  1.56248E+00  1.56236E+00  1.56233E+00  1.56232E+00  1.56232E+00  1.56232E+00  1.56232E+00  1.56232E+00  1.56232E+00  1.56232E+00
  1.56321E+00  1.56360E+00  1.56376E+00  1.56360E+00  1.56320E+00  1.56280E+00  1.56253E+00  1.56239E+00  1.56234E+00  1.56233E+00  1.56232E+00  1.56232E+00  1.56232E+00  1.56232E+00  1.56232E+00  1.56232E+00  1.56232E+00
  1.56262E+00  1.56275E+00  1.56280E+00  1.56275E+00  1.56262E+00  1.56248E+00  1.56239E+00  1.56235E+00  1.56233E+00  1.56232E+00  1.56232E+00  1.56232E+00  1.56232E+00  1.56232E+00  1.56232E+00  1.56232E+00  1.56232E+00
  1.56240E+00  1.56243E+00  1.56245E+00  1.56243E+00  1.56240E+00  1.56236E+00  1.56234E+00  1.56233E+00  1.56233E+00  1.56232E+00  1.56232E+00  1.56232E+00  1.56232E+00  1.56232E+00  1.56232E+00  1.56232E+00  1.56232E+00
  1.56234E+00  1.56235E+00  1.56235E+00  1.56235E+00  1.56234E+00  1.56233E+00  1.56233E+00  1.56232E+00  1.56232E+00  1.56232E+00  1.56232E+00  1.56232E+00  1.56232E+00  1.56232E+00  1.56232E+00  1.56232E+00  1.56232E+00
  1.56233E+00  1.56233E+00  1.56233E+00  1.56233E+00  1.56233E+00  1.56232E+00  1.56232E+00  1.56232E+00  1.56232E+00  1.56232E+00  1.56232E+00  1.56232E+00  1.56233E+00  1.56232E+00  1.56232E+00  1.56232E+00  1.56232E+00
  1.56232E+00  1.56232E+00  1.56232E+00  1.56232E+00  1.56232E+00  1.56232E+00  1.56232E+00  1.56232E+00  1.56232E+00  1.56232E+00  1.56232E+00  1.56233E+00  1.56233E+00  1.56233E+00  1.56232E+00  1.56232E+00  1.56232E+00

  1.56237E+00  1.56239E+00  1.56240E+00  1.56239E+00  1.56237E+00  1.56235E+00  1.56233E+00  1.56233E+00  1.56232E+00  1.56232E+00  1.56232E+00  1.56232E+00  1.56232E+00  1.56232E+00  1.56232E+00  1.56232E+00  1.56232E+00
  1.56255E+00  1.56265E+00  1.56270E+00  1.56265E+00  1.56255E+00  1.56245E+00  1.56238E+00  1.56234E+00  1.56233E+00  1.56232E+00  1.56232E+00  1.56232E+00  1.56231E+00  1.56231E+00  1.56230E+00  1.56231E+00  1.56231E+00
  1.56321E+00  1.56360E+00  1.56376E+00  1.56360E+00  1.56321E+00  1.56280E+00  1.56253E+00  1.56239E+00  1.56234E+00  1.56232E+00  1.56232E+00  1.56230E+00  1.56229E+00  1.56227E+00  1.56226E+00  1.56227E+00  1.56229E+00
  1.56498E+00  1.56616E+00  1.56666E+00  1.56616E+00  1.56498E+00  1.56376E+00  1.56293E+00  1.56253E+00  1.56237E+00  1.56233E+00  1.56231E+00  1.56228E+00  1.56224E+00  1.56220E+00  1.56218E+00  1.56220E+00  1.56224E+00
  1.56858E+00  1.57136E+00  1.57254E+00  1.57136E+00  1.56858E+00  1.56572E+00  1.56376E+00  1.56280E+00  1.56244E+00  1.56234E+00  1.56229E+00  1.56224E+00  1.56216E+00  1.56209E+00  1.56206E+00  1.56209E+00  1.56216E+00
  1.57387E+00  1.57900E+00  1.58118E+00  1.57900E+00  1.57387E+00  1.56858E+00  1.56498E+00  1.56320E+00  1.56255E+00  1.56235E+00  1.56228E+00  1.56220E+00  1.56209E+00  1.56199E+00  1.56195E+00  1.56199E+00  1.56209E+00
  1.57900E+00  1.58641E+00  1.58955E+00  1.58641E+00  1.57900E+00  1.57136E+00  1.56616E+00  1.56360E+00  1.56265E+00  1.56237E+00  1.56227E+00  1.56218E+00  1.56206E+00  1.56195E+00  1.56190E+00  1.56195E+00  1.56206E+00
  1.58118E+00  1.58955E+00  1.59310E+00  1.58955E+00  1.58118E+00  1.57254E+00  1.56666E+00  1.56376E+00  1.56269E+00  1.56238E+00  1.56228E+00  1.56220E+00  1.56209E+00  1.56199E+00  1.56195E+00  1.56199E+00  1.56209E+00
  1.57900E+00  1.58641E+00  1.58955E+00  1.58641E+00  1.57900E+00  1.57136E+00  1.56616E+00  1.56360E+00  1.56265E+00  1.56238E+00  1.56230E+00  1.56224E+00  1.56216E+00  1.56209E+00  1.56206E+00  1.56209E+00  1.56216E+00
  1.57387E+00  1.57900E+00  1.58118E+00  1.57900E+00  1.57387E+00  1.56858E+00  1.56498E+00  1.56320E+00  1.56255E+00  1.56236E+00  1.56231E+00  1.56228E+00  1.56224E+00  1.56220E+00  1.56218E+00  1.56220E+00  1.56224E+00
  1.56858E+00  1.57136E+00  1.57254E+00  1.57136E+00  1.56858E+00  1.56571E+00  1.56376E+00  1.56280E+00  1.56245E+00  1.56235E+00  1.56232E+00  1.56230E+00  1.56229E+00  1.56227E+00  1.56226E+00  1.56227E+00  1.56229E+00
  1.56498E+00  1.56616E+00  1.56666E+00  1.56615E+00  1.56497E+00  1.56376E+00  1.56293E+00  1.56252E+00  1.56238E+00  1.56233E+00  1.56232E+00  1.56232E+00  1.56231E+00  1.56231E+00  1.56230E+00  1.56231E+00  1.56231E+00
  1.56320E+00  1.56360E+00  1.56376E+00  1.56359E+00  1.56320E+00  1.56280E+00  1.56252E+00  1.56239E+00  1.56234E+00  1.56233E+00  1.56232E+00  1.56232E+00  1.56232E+00  1.56232E+00  1.56232E+00  1.56232E+00  1.56232E+00
  1.56255E+00  1.56265E+00  1.56270E+00  1.56265E+00  1.56255E+00  1.56244E+00  1.56237E+00  1.56234E+00  1.56233E+00  1.56233E+00  1.56233E+00  1.56233E+00  1.56233E+00  1.56233E+00  1.56233E+00  1.56232E+00  1.56232E+00
  1.56237E+00  1.56239E+00  1.56240E+00  1.56239E+00  1.56237E+00  1.56235E+00  1.56233E+00  1.56233E+00  1.56233E+00  1.56233E+00  1.56233E+00  1.56233E+00  1.56234E+00  1.56233E+00  1.56233E+00  1.56233E+00  1.56233E+00
  1.56233E+00  1.56233E+00  1.56234E+00  1.56233E+00  1.56233E+00  1.56233E+00  1.56232E+00  1.56232E+00  1.56233E+00  1.56233E+00  1.56233E+00  1.56234E+00  1.56234E+00  1.56234E+00  1.56233E+00  1.56233E+00  1.56233E+00
  1.56232E+00  1.56232E+00  1.56232E+00  1.56232E+00  1.56232E+00  1.56232E+00  1.56232E+00  1.56232E+00  1.56233E+00  1.56233E+00  1.56234E+00  1.56234E+00  1.56234E+00  1.56234E+00  1.56234E+00  1.56233E+00  1.56233E+00

  1.56243E+00  1.56248E+00  1.56250E+00  1.56248E+00  1.56243E+00  1.56238E+00  1.56235E+00  1.56233E+00  1.56233E+00  1.56232E+00  1.56232E+00  1.56231E+00  1.56230E+00  1.56229E+00  1.56229E+00  1.56229E+00  1.56230E+00
  1.56286E+00  1.56310E+00  1.56321E+00  1.56310E+00  1.56286E+00  1.56262E+00  1.56245E+00  1.56236E+00  1.56233E+00  1.56232E+00  1.56231E+00  1.56228E+00  1.56225E+00  1.56221E+00  1.56220E+00  1.56221E+00  1.56225E+00
  1.56440E+00  1.56533E+00  1.56572E+00  1.56533E+00  1.56440E+00  1.56345E+00  1.56280E+00  1.56248E+00  1.56236E+00  1.56231E+00  1.56227E+00  1.56220E+00  1.56209E+00  1.56199E+00  1.56195E+00  1.56199E+00  1.56209E+00
  1.56858E+00  1.57136E+00  1.57254E+00  1.57136E+00  1.56858E+00  1.56572E+00  1.56376E+00  1.56280E+00  1.56244E+00  1.56231E+00  1.56220E+00  1.56203E+00  1.56178E+00  1.56154E+00  1.56144E+00  1.56154E+00  1.56178E+00
  1.57708E+00  1.58363E+00  1.58641E+00  1.58363E+00  1.57708E+00  1.57032E+00  1.56572E+00  1.56345E+00  1.56260E+00  1.56231E+00  1.56210E+00  1.56178E+00  1.56132E+00  1.56088E+00  1.56069E+00  1.56088E+00  1.56132E+00
  1.58955E+00  1.60164E+00  1.60677E+00  1.60164E+00  1.58955E+00  1.57708E+00  1.56858E+00  1.56440E+00  1.56283E+00  1.56232E+00  1.56201E+00  1.56154E+00  1.56088E+00  1.56024E+00  1.55996E+00  1.56024E+00  1.56088E+00
  1.60164E+00  1.61911E+00  1.62651E+00  1.61910E+00  1.60164E+00  1.58363E+00  1.57136E+00  1.56532E+00  1.56307E+00  1.56236E+00  1.56197E+00  1.56144E+00  1.56069E+00  1.55996E+00  1.55966E+00  1.55996E+00  1.56069E+00
  1.60677E+00  1.62650E+00  1.63487E+00  1.62650E+00  1.60676E+00  1.58641E+00  1.57254E+00  1.56571E+00  1.56318E+00  1.56239E+00  1.56202E+00  1.56154E+00  1.56088E+00  1.56024E+00  1.55996E+00  1.56024E+00  1.56088E+00
  1.60164E+00  1.61910E+00  1.62650E+00  1.61909E+00  1.60163E+00  1.58362E+00  1.57135E+00  1.56532E+00  1.56308E+00  1.56241E+00  1.56212E+00  1.56178E+00  1.56132E+00  1.56088E+00  1.56069E+00  1.56088E+00  1.56132E+00
  1.58955E+00  1.60164E+00  1.60675E+00  1.60162E+00  1.58953E+00  1.57706E+00  1.56857E+00  1.56439E+00  1.56285E+00  1.56239E+00  1.56222E+00  1.56203E+00  1.56178E+00  1.56154E+00  1.56144E+00  1.56154E+00  1.56178E+00
  1.57708E+00  1.58362E+00  1.58639E+00  1.58360E+00  1.57704E+00  1.57029E+00  1.56569E+00  1.56344E+00  1.56261E+00  1.56236E+00  1.56228E+00  1.56220E+00  1.56210E+00  1.56199E+00  1.56195E+00  1.56199E+00  1.56209E+00
  1.56858E+00  1.57135E+00  1.57252E+00  1.57133E+00  1.56854E+00  1.56568E+00  1.56374E+00  1.56279E+00  1.56244E+00  1.56234E+00  1.56231E+00  1.56229E+00  1.56225E+00  1.56222E+00  1.56220E+00  1.56222E+00  1.56225E+00
  1.56440E+00  1.56531E+00  1.56569E+00  1.56529E+00  1.56437E+00  1.56342E+00  1.56278E+00  1.56247E+00  1.56236E+00  1.56234E+00  1.56233E+00  1.56233E+00  1.56233E+00  1.56231E+00  1.56230E+00  1.56230E+00  1.56231E+00
  1.56286E+00  1.56310E+00  1.56319E+00  1.56308E+00  1.56284E+00  1.56259E+00  1.56243E+00  1.56236E+00  1.56234E+00  1.56234E+00  1.56235E+00  1.56237E+00  1.56237E+00  1.56236E+00  1.56235E+00  1.56233E+00  1.56233E+00
  1.56243E+00  1.56248E+00  1.56249E+00  1.56247E+00  1.56242E+00  1.56237E+00  1.56234E+00  1.56233E+00  1.56234E+00  1.56235E+00  1.56238E+00  1.56241E+00  1.56242E+00  1.56241E+00  1.56238E+00  1.56235E+00  1.56234E+00
  1.56234E+00  1.56235E+00  1.56235E+00  1.56234E+00  1.56234E+00  1.56233E+00  1.56233E+00  1.56233E+00  1.56234E+00  1.56237E+00  1.56241E+00  1.56245E+00  1.56246E+00  1.56245E+00  1.56241E+00  1.56237E+00  1.56234E+00
  1.56233E+00  1.56233E+00  1.56233E+00  1.56232E+00  1.56232E+00  1.56232E+00  1.56232E+00  1.56233E+00  1.56235E+00  1.56238E+00  1.56242E+00  1.56246E+00  1.56248E+00  1.56246E+00  1.56242E+00  1.56238E+00  1.56235E+00

  1.56253E+00  1.56262E+00  1.56265E+00  1.56262E+00  1.56253E+00  1.56243E+00  1.56237E+00  1.56234E+00  1.56233E+00  1.56232E+00  1.56230E+00  1.56227E+00  1.56223E+00  1.56218E+00  1.56216E+00  1.56218E+00  1.56223E+00
  1.56332E+00  1.56376E+00  1.56395E+00  1.56376E+00  1.56332E+00  1.56286E+00  1.56255E+00  1.56240E+00  1.56234E+00  1.56230E+00  1.56224E+00  1.56212E+00  1.56195E+00  1.56178E+00  1.56171E+00  1.56178E+00  1.56195E+00
  1.56616E+00  1.56786E+00  1.56858E+00  1.56786E+00  1.56616E+00  1.56440E+00  1.56320E+00  1.56261E+00  1.56238E+00  1.56225E+00  1.56207E+00  1.56171E+00  1.56119E+00  1.56069E+00  1.56048E+00  1.56069E+00  1.56119E+00
  1.57387E+00  1.57900E+00  1.58118E+00  1.57900E+00  1.57387E+00  1.56858E+00  1.56498E+00  1.56319E+00  1.56250E+00  1.56217E+00  1.56172E+00  1.56088E+00  1.55966E+00  1.55847E+00  1.55797E+00  1.55847E+00  1.55966E+00
  1.58955E+00  1.60164E+00  1.60677E+00  1.60164E+00  1.58955E+00  1.57708E+00  1.56858E+00  1.56438E+00  1.56277E+00  1.56206E+00  1.56121E+00  1.55966E+00  1.55740E+00  1.55521E+00  1.55429E+00  1.55521E+00  1.55740E+00
  1.61256E+00  1.63487E+00  1.64432E+00  1.63487E+00  1.61256E+00  1.58955E+00  1.57387E+00  1.56613E+00  1.56318E+00  1.56198E+00  1.56072E+00  1.55847E+00  1.55521E+00  1.55206E+00  1.55072E+00  1.55206E+00  1.55521E+00
  1.63487E+00  1.66709E+00  1.68074E+00  1.66708E+00  1.63486E+00  1.60163E+00  1.57899E+00  1.56783E+00  1.56360E+00  1.56200E+00  1.56052E+00  1.55797E+00  1.55429E+00  1.55072E+00  1.54921E+00  1.55072E+00  1.55429E+00
  1.64432E+00  1.68073E+00  1.69615E+00  1.68071E+00  1.64429E+00  1.60673E+00  1.58115E+00  1.56854E+00  1.56380E+00  1.56211E+00  1.56074E+00  1.55848E+00  1.55521E+00  1.55206E+00  1.55072E+00  1.55206E+00  1.55521E+00
  1.63486E+00  1.66706E+00  1.68069E+00  1.66701E+00  1.63478E+00  1.60157E+00  1.57895E+00  1.56781E+00  1.56365E+00  1.56224E+00  1.56124E+00  1.55966E+00  1.55740E+00  1.55521E+00  1.55429E+00  1.55521E+00  1.55740E+00
  1.61254E+00  1.63482E+00  1.64423E+00  1.63473E+00  1.61240E+00  1.58941E+00  1.57377E+00  1.56609E+00  1.56324E+00  1.56231E+00  1.56174E+00  1.56088E+00  1.55966E+00  1.55847E+00  1.55797E+00  1.55847E+00  1.55966E+00
  1.58952E+00  1.60157E+00  1.60663E+00  1.60144E+00  1.58932E+00  1.57687E+00  1.56844E+00  1.56432E+00  1.56281E+00  1.56234E+00  1.56208E+00  1.56172E+00  1.56120E+00  1.56070E+00  1.56048E+00  1.56069E+00  1.56119E+00
  1.57384E+00  1.57892E+00  1.58102E+00  1.57877E+00  1.57361E+00  1.56835E+00  1.56482E+00  1.56312E+00  1.56251E+00  1.56234E+00  1.56227E+00  1.56216E+00  1.56199E+00  1.56182E+00  1.56174E+00  1.56180E+00  1.56195E+00
  1.56613E+00  1.56779E+00  1.56844E+00  1.56766E+00  1.56593E+00  1.56420E+00  1.56306E+00  1.56254E+00  1.56238E+00  1.56237E+00  1.56238E+00  1.56239E+00  1.56236E+00  1.56230E+00  1.56225E+00  1.56223E+00  1.56225E+00
  1.56330E+00  1.56371E+00  1.56385E+00  1.56362E+00  1.56316E+00  1.56272E+00  1.56246E+00  1.56236E+00  1.56237E+00  1.56243E+00  1.56252E+00  1.56260E+00  1.56263E+00  1.56258E+00  1.56249E+00  1.56240E+00  1.56235E+00
  1.56251E+00  1.56259E+00  1.56260E+00  1.56254E+00  1.56244E+00  1.56236E+00  1.56232E+00  1.56234E+00  1.56240E+00  1.56252E+00  1.56269E+00  1.56285E+00  1.56292E+00  1.56285E+00  1.56269E+00  1.56252E+00  1.56240E+00
  1.56235E+00  1.56236E+00  1.56235E+00  1.56234E+00  1.56232E+00  1.56231E+00  1.56232E+00  1.56235E+00  1.56244E+00  1.56261E+00  1.56285E+00  1.56309E+00  1.56319E+00  1.56309E+00  1.56285E+00  1.56261E+00  1.56244E+00
  1.56233E+00  1.56233E+00  1.56232E+00  1.56232E+00  1.56232E+00  1.56232E+00  1.56233E+00  1.56237E+00  1.56246E+00  1.56265E+00  1.56292E+00  1.56319E+00  1.56330E+00  1.56319E+00  1.56292E+00  1.56265E+00  1.56246E+00

  1.56262E+00  1.56275E+00  1.56280E+00  1.56275E+00  1.56262E+00  1.56248E+00  1.56239E+00  1.56234E+00  1.56232E+00  1.56230E+00  1.56224E+00  1.56212E+00  1.56195E+00  1.56178E+00  1.56171E+00  1.56178E+00  1.56195E+00
  1.56376E+00  1.56440E+00  1.56467E+00  1.56440E+00  1.56376E+00  1.56310E+00  1.56265E+00  1.56243E+00  1.56232E+00  1.56222E+00  1.56199E+00  1.56154E+00  1.56088E+00  1.56024E+00  1.55996E+00  1.56024E+00  1.56088E+00
  1.56786E+00  1.57032E+00  1.57137E+00  1.57032E+00  1.56786E+00  1.56533E+00  1.56360E+00  1.56273E+00  1.56235E+00  1.56201E+00  1.56133E+00  1.55996E+00  1.55797E+00  1.55603E+00  1.55521E+00  1.55603E+00  1.55797E+00
  1.57900E+00  1.58641E+00  1.58955E+00  1.58641E+00  1.57901E+00  1.57137E+00  1.56615E+00  1.56356E+00  1.56245E+00  1.56161E+00  1.55997E+00  1.55676E+00  1.55206E+00  1.54750E+00  1.54556E+00  1.54750E+00  1.55206E+00
  1.60164E+00  1.61911E+00  1.62651E+00  1.61911E+00  1.60164E+00  1.58363E+00  1.57135E+00  1.56525E+00  1.56273E+00  1.56104E+00  1.55799E+00  1.55206E+00  1.54338E+00  1.53497E+00  1.53140E+00  1.53497E+00  1.54338E+00
  1.63487E+00  1.66709E+00  1.68074E+00  1.66708E+00  1.63486E+00  1.60163E+00  1.57898E+00  1.56775E+00  1.56322E+00  1.56053E+00  1.55608E+00  1.54750E+00  1.53497E+00  1.52282E+00  1.51767E+00  1.52282E+00  1.53497E+00
  1.66708E+00  1.71360E+00  1.73330E+00  1.71357E+00  1.66703E+00  1.61905E+00  1.58635E+00  1.57017E+00  1.56378E+00  1.56038E+00  1.55528E+00  1.54557E+00  1.53140E+00  1.51767E+00  1.51185E+00  1.51767E+00  1.53140E+00
  1.68072E+00  1.73328E+00  1.75551E+00  1.73318E+00  1.68056E+00  1.62634E+00  1.58942E+00  1.57119E+00  1.56410E+00  1.56070E+00  1.55611E+00  1.54751E+00  1.53497E+00  1.52282E+00  1.51767E+00  1.52282E+00  1.53497E+00
  1.66703E+00  1.71348E+00  1.73307E+00  1.71324E+00  1.66666E+00  1.61872E+00  1.58613E+00  1.57009E+00  1.56396E+00  1.56127E+00  1.55803E+00  1.55206E+00  1.54338E+00  1.53497E+00  1.53140E+00  1.53497E+00  1.54338E+00
  1.63476E+00  1.66683E+00  1.68026E+00  1.66639E+00  1.63408E+00  1.60093E+00  1.57850E+00  1.56754E+00  1.56344E+00  1.56179E+00  1.56000E+00  1.55677E+00  1.55207E+00  1.54751E+00  1.54557E+00  1.54750E+00  1.55206E+00
  1.60148E+00  1.61873E+00  1.62581E+00  1.61810E+00  1.60050E+00  1.58261E+00  1.57065E+00  1.56491E+00  1.56285E+00  1.56210E+00  1.56136E+00  1.56001E+00  1.55803E+00  1.55609E+00  1.55525E+00  1.55605E+00  1.55798E+00
  1.57882E+00  1.58598E+00  1.58876E+00  1.58527E+00  1.57771E+00  1.57021E+00  1.56536E+00  1.56316E+00  1.56246E+00  1.56228E+00  1.56212E+00  1.56173E+00  1.56110E+00  1.56043E+00  1.56010E+00  1.56031E+00  1.56091E+00
  1.56770E+00  1.56994E+00  1.57067E+00  1.56931E+00  1.56672E+00  1.56431E+00  1.56290E+00  1.56239E+00  1.56235E+00  1.56248E+00  1.56264E+00  1.56272E+00  1.56262E+00  1.56238E+00  1.56212E+00  1.56201E+00  1.56204E+00
  1.56365E+00  1.56414E+00  1.56419E+00  1.56370E+00  1.56297E+00  1.56241E+00  1.56218E+00  1.56224E+00  1.56246E+00  1.56281E+00  1.56327E+00  1.56369E+00  1.56384E+00  1.56363E+00  1.56318E+00  1.56274E+00  1.56247E+00
  1.56256E+00  1.56260E+00  1.56254E+00  1.56237E+00  1.56219E+00  1.56211E+00  1.56216E+00  1.56234E+00  1.56268E+00  1.56328E+00  1.56412E+00  1.56492E+00  1.56526E+00  1.56491E+00  1.56411E+00  1.56328E+00  1.56273E+00
  1.56234E+00  1.56233E+00  1.56229E+00  1.56223E+00  1.56219E+00  1.56220E+00  1.56227E+00  1.56246E+00  1.56290E+00  1.56373E+00  1.56493E+00  1.56609E+00  1.56658E+00  1.56609E+00  1.56493E+00  1.56373E+00  1.56292E+00
  1.56232E+00  1.56231E+00  1.56230E+00  1.56228E+00  1.56227E+00  1.56229E+00  1.56235E+00  1.56253E+00  1.56299E+00  1.56392E+00  1.56527E+00  1.56658E+00  1.56713E+00  1.56658E+00  1.56527E+00  1.56392E+00  1.56300E+00

  1.56265E+00  1.56280E+00  1.56287E+00  1.56280E+00  1.56266E+00  1.56251E+00  1.56240E+00  1.56235E+00  1.56231E+00  1.56224E+00  1.56206E+00  1.56171E+00  1.56119E+00  1.56069E+00  1.56048E+00  1.56069E+00  1.56119E+00
  1.56395E+00  1.56468E+00  1.56499E+00  1.56468E+00  1.56396E+00  1.56321E+00  1.56270E+00  1.56243E+00  1.56227E+00  1.56200E+00  1.56132E+00  1.55996E+00  1.55797E+00  1.55603E+00  1.55521E+00  1.55603E+00  1.55797E+00
  1.56859E+00  1.57137E+00  1.57255E+00  1.57138E+00  1.56860E+00  1.56573E+00  1.56377E+00  1.56275E+00  1.56219E+00  1.56135E+00  1.55931E+00  1.55521E+00  1.54921E+00  1.54338E+00  1.54091E+00  1.54338E+00  1.54921E+00
  1.58118E+00  1.58956E+00  1.59311E+00  1.58957E+00  1.58120E+00  1.57256E+00  1.56665E+00  1.56365E+00  1.56209E+00  1.56004E+00  1.55523E+00  1.54557E+00  1.53140E+00  1.51767E+00  1.51185E+00  1.51767E+00  1.53140E+00
  1.60677E+00  1.62651E+00  1.63488E+00  1.62652E+00  1.60678E+00  1.58642E+00  1.57251E+00  1.56549E+00  1.56207E+00  1.55815E+00  1.54923E+00  1.53141E+00  1.50528E+00  1.47994E+00  1.46920E+00  1.47994E+00  1.50527E+00
  1.64432E+00  1.68073E+00  1.69615E+00  1.68071E+00  1.64429E+00  1.60673E+00  1.58110E+00  1.56823E+00  1.56230E+00  1.55636E+00  1.54343E+00  1.51768E+00  1.47994E+00  1.44335E+00  1.42784E+00  1.44335E+00  1.47994E+00
  1.68071E+00  1.73326E+00  1.75549E+00  1.73314E+00  1.68052E+00  1.62630E+00  1.58934E+00  1.57090E+00  1.56278E+00  1.55567E+00  1.54098E+00  1.51186E+00  1.46920E+00  1.42784E+00  1.41032E+00  1.42784E+00  1.46920E+00
  1.69608E+00  1.75539E+00  1.78048E+00  1.75501E+00  1.69547E+00  1.63422E+00  1.59258E+00  1.57193E+00  1.56320E+00  1.55651E+00  1.54344E+00  1.51767E+00  1.47994E+00  1.44335E+00  1.42785E+00  1.44335E+00  1.47994E+00
  1.68051E+00  1.73279E+00  1.75461E+00  1.73187E+00  1.67907E+00  1.62499E+00  1.58843E+00  1.57050E+00  1.56323E+00  1.55832E+00  1.54924E+00  1.53140E+00  1.50528E+00  1.47994E+00  1.46921E+00  1.47994E+00  1.50528E+00
  1.64390E+00  1.67973E+00  1.69431E+00  1.67804E+00  1.64124E+00  1.60400E+00  1.57918E+00  1.56732E+00  1.56280E+00  1.56009E+00  1.55521E+00  1.54559E+00  1.53144E+00  1.51771E+00  1.51188E+00  1.51769E+00  1.53141E+00
  1.60615E+00  1.62505E+00  1.63218E+00  1.62260E+00  1.60233E+00  1.58244E+00  1.56972E+00  1.56407E+00  1.56223E+00  1.56128E+00  1.55937E+00  1.55538E+00  1.54942E+00  1.54358E+00  1.54105E+00  1.54346E+00  1.54924E+00
  1.58048E+00  1.58790E+00  1.59006E+00  1.58515E+00  1.57618E+00  1.56808E+00  1.56351E+00  1.56201E+00  1.56192E+00  1.56204E+00  1.56176E+00  1.56070E+00  1.55883E+00  1.55680E+00  1.55574E+00  1.55632E+00  1.55809E+00
  1.56797E+00  1.56991E+00  1.56985E+00  1.56747E+00  1.56417E+00  1.56179E+00  1.56103E+00  1.56137E+00  1.56209E+00  1.56287E+00  1.56358E+00  1.56399E+00  1.56379E+00  1.56299E+00  1.56207E+00  1.56155E+00  1.56156E+00
  1.56352E+00  1.56366E+00  1.56312E+00  1.56198E+00  1.56090E+00  1.56050E+00  1.56087E+00  1.56168E+00  1.56275E+00  1.56418E+00  1.56598E+00  1.56762E+00  1.56823E+00  1.56743E+00  1.56571E+00  1.56403E+00  1.56296E+00
  1.56242E+00  1.56225E+00  1.56185E+00  1.56134E+00  1.56101E+00  1.56106E+00  1.56151E+00  1.56231E+00  1.56368E+00  1.56600E+00  1.56923E+00  1.57233E+00  1.57362E+00  1.57230E+00  1.56921E+00  1.56604E+00  1.56388E+00
  1.56228E+00  1.56217E+00  1.56198E+00  1.56178E+00  1.56168E+00  1.56177E+00  1.56210E+00  1.56285E+00  1.56453E+00  1.56772E+00  1.57234E+00  1.57680E+00  1.57869E+00  1.57680E+00  1.57235E+00  1.56775E+00  1.56463E+00
  1.56230E+00  1.56226E+00  1.56219E+00  1.56213E+00  1.56210E+00  1.56217E+00  1.56241E+00  1.56311E+00  1.56490E+00  1.56846E+00  1.57366E+00  1.57870E+00  1.58083E+00  1.57870E+00  1.57366E+00  1.56847E+00  1.56493E+00

  1.56262E+00  1.56276E+00  1.56282E+00  1.56277E+00  1.56265E+00  1.56251E+00  1.56241E+00  1.56235E+00  1.56228E+00  1.56212E+00  1.56171E+00  1.56088E+00  1.55966E+00  1.55847E+00  1.55797E+00  1.55847E+00  1.55966E+00
  1.56377E+00  1.56443E+00  1.56472E+00  1.56447E+00  1.56384E+00  1.56317E+00  1.56269E+00  1.56242E+00  1.56216E+00  1.56155E+00  1.55996E+00  1.55676E+00  1.55206E+00  1.54750E+00  1.54556E+00  1.54750E+00  1.55206E+00
  1.56788E+00  1.57037E+00  1.57145E+00  1.57045E+00  1.56800E+00  1.56545E+00  1.56366E+00  1.56267E+00  1.56184E+00  1.55999E+00  1.55522E+00  1.54557E+00  1.53140E+00  1.51767E+00  1.51185E+00  1.51767E+00  1.53140E+00
  1.57903E+00  1.58648E+00  1.58967E+00  1.58659E+00  1.57920E+00  1.57153E+00  1.56623E+00  1.56337E+00  1.56123E+00  1.55683E+00  1.54558E+00  1.52282E+00  1.48944E+00  1.45707E+00  1.44335E+00  1.45707E+00  1.48944E+00
  1.60167E+00  1.61917E+00  1.62662E+00  1.61928E+00  1.60183E+00  1.58379E+00  1.57139E+00  1.56484E+00  1.56045E+00  1.55222E+00  1.53143E+00  1.48944E+00  1.42784E+00  1.36812E+00  1.34281E+00  1.36812E+00  1.42784E+00
  1.63487E+00  1.66710E+00  1.68076E+00  1.66710E+00  1.63488E+00  1.60162E+00  1.57885E+00  1.56704E+00  1.55987E+00  1.54776E+00  1.51770E+00  1.45707E+00  1.36812E+00  1.28187E+00  1.24532E+00  1.28187E+00  1.36812E+00
  1.66701E+00  1.71343E+00  1.73299E+00  1.71311E+00  1.66649E+00  1.61852E+00  1.58581E+00  1.56912E+00  1.55985E+00  1.54588E+00  1.51187E+00  1.44334E+00  1.34281E+00  1.24532E+00  1.20401E+00  1.24532E+00  1.34281E+00
  1.68046E+00  1.73266E+00  1.75437E+00  1.73150E+00  1.67861E+00  1.62451E+00  1.58791E+00  1.56960E+00  1.56026E+00  1.54769E+00  1.51762E+00  1.45703E+00  1.36811E+00  1.28187E+00  1.24532E+00  1.28187E+00  1.36812E+00
  1.66639E+00  1.71198E+00  1.73029E+00  1.70918E+00  1.66197E+00  1.61439E+00  1.58280E+00  1.56757E+00  1.56054E+00  1.55191E+00  1.53123E+00  1.48937E+00  1.42784E+00  1.36813E+00  1.34282E+00  1.36813E+00  1.42785E+00
  1.63358E+00  1.66405E+00  1.67511E+00  1.65889E+00  1.62546E+00  1.59305E+00  1.57263E+00  1.56372E+00  1.56032E+00  1.55617E+00  1.54531E+00  1.52281E+00  1.48953E+00  1.45718E+00  1.44343E+00  1.45711E+00  1.48946E+00
  1.59978E+00  1.61471E+00  1.61837E+00  1.60729E+00  1.58812E+00  1.57138E+00  1.56243E+00  1.55991E+00  1.55990E+00  1.55916E+00  1.55518E+00  1.54600E+00  1.53203E+00  1.51826E+00  1.51226E+00  1.51790E+00  1.53150E+00
  1.57690E+00  1.58144E+00  1.58036E+00  1.57308E+00  1.56380E+00  1.55765E+00  1.55630E+00  1.55789E+00  1.55998E+00  1.56127E+00  1.56112E+00  1.55891E+00  1.55462E+00  1.54979E+00  1.54716E+00  1.54836E+00  1.55242E+00
  1.56600E+00  1.56593E+00  1.56324E+00  1.55855E+00  1.55446E+00  1.55330E+00  1.55509E+00  1.55814E+00  1.56112E+00  1.56378E+00  1.56617E+00  1.56771E+00  1.56747E+00  1.56541E+00  1.56278E+00  1.56108E+00  1.56076E+00
  1.56247E+00  1.56136E+00  1.55905E+00  1.55626E+00  1.55452E+00  1.55486E+00  1.55700E+00  1.55995E+00  1.56339E+00  1.56782E+00  1.57332E+00  1.57834E+00  1.58027E+00  1.57791E+00  1.57277E+00  1.56768E+00  1.56439E+00
  1.56192E+00  1.56110E+00  1.55976E+00  1.55834E+00  1.55763E+00  1.55810E+00  1.55965E+00  1.56216E+00  1.56632E+00  1.57334E+00  1.58312E+00  1.59246E+00  1.59638E+00  1.59241E+00  1.58310E+00  1.57354E+00  1.56705E+00
  1.56207E+00  1.56169E+00  1.56111E+00  1.56053E+00  1.56027E+00  1.56058E+00  1.56161E+00  1.56389E+00  1.56894E+00  1.57857E+00  1.59249E+00  1.60593E+00  1.61162E+00  1.60593E+00  1.59252E+00  1.57868E+00  1.56926E+00
  1.56223E+00  1.56210E+00  1.56190E+00  1.56171E+00  1.56165E+00  1.56184E+00  1.56256E+00  1.56469E+00  1.57007E+00  1.58079E+00  1.59646E+00  1.61163E+00  1.61806E+00  1.61163E+00  1.59647E+00  1.58083E+00  1.57017E+00

  1.56255E+00  1.56268E+00  1.56278E+00  1.56280E+00  1.56273E+00  1.56261E+00  1.56249E+00  1.56239E+00  1.56226E+00  1.56196E+00  1.56119E+00  1.55966E+00  1.55740E+00  1.55521E+00  1.55429E+00  1.55521E+00  1.55740E+00
  1.56339E+00  1.56392E+00  1.56424E+00  1.56419E+00  1.56380E+00  1.56329E+00  1.56283E+00  1.56248E+00  1.56204E+00  1.56090E+00  1.55797E+00  1.55206E+00  1.54338E+00  1.53497E+00  1.53140E+00  1.53497E+00  1.54338E+00
  1.56628E+00  1.56816E+00  1.56913E+00  1.56864E+00  1.56704E+00  1.56518E+00  1.56371E+00  1.56268E+00  1.56139E+00  1.55802E+00  1.54922E+00  1.53141E+00  1.50528E+00  1.47994E+00  1.46920E+00  1.47994E+00  1.50527E+00
  1.57405E+00  1.57942E+00  1.58195E+00  1.58012E+00  1.57513E+00  1.56969E+00  1.56566E+00  1.56307E+00  1.56005E+00  1.55216E+00  1.53142E+00  1.48944E+00  1.42784E+00  1.36812E+00  1.34281E+00  1.36812E+00  1.42784E+00
  1.58974E+00  1.60209E+00  1.60760E+00  1.60284E+00  1.59089E+00  1.57823E+00  1.56921E+00  1.56380E+00  1.55808E+00  1.54352E+00  1.50529E+00  1.42784E+00  1.31420E+00  1.20401E+00  1.15732E+00  1.20401E+00  1.31421E+00
  1.61268E+00  1.63515E+00  1.64484E+00  1.63559E+00  1.61334E+00  1.59014E+00  1.57398E+00  1.56478E+00  1.55614E+00  1.53508E+00  1.47991E+00  1.36810E+00  1.20400E+00  1.04487E+00  9.77444E-01  1.04488E+00  1.20401E+00
  1.63476E+00  1.66683E+00  1.68025E+00  1.66633E+00  1.63389E+00  1.60054E+00  1.57771E+00  1.56533E+00  1.55505E+00  1.53126E+00  1.46902E+00  1.34272E+00  1.15729E+00  9.77436E-01  9.01222E-01  9.77444E-01  1.15732E+00
  1.64369E+00  1.67924E+00  1.69336E+00  1.67657E+00  1.63934E+00  1.60184E+00  1.57686E+00  1.56413E+00  1.55486E+00  1.53416E+00  1.47943E+00  1.36791E+00  1.20394E+00  1.04486E+00  9.77444E-01  1.04488E+00  1.20401E+00
  1.63325E+00  1.66324E+00  1.67358E+00  1.65653E+00  1.62245E+00  1.58974E+00  1.56933E+00  1.56024E+00  1.55475E+00  1.54143E+00  1.50428E+00  1.42747E+00  1.31412E+00  1.20402E+00  1.15734E+00  1.20403E+00  1.31421E+00
  1.60952E+00  1.62768E+00  1.63096E+00  1.61528E+00  1.58971E+00  1.56804E+00  1.55703E+00  1.55444E+00  1.55408E+00  1.54888E+00  1.53002E+00  1.48910E+00  1.42797E+00  1.36836E+00  1.34300E+00  1.36823E+00  1.42789E+00
  1.58515E+00  1.59125E+00  1.58748E+00  1.57346E+00  1.55690E+00  1.54673E+00  1.54544E+00  1.54933E+00  1.55352E+00  1.55434E+00  1.54830E+00  1.53209E+00  1.50664E+00  1.48129E+00  1.47017E+00  1.48047E+00  1.50550E+00
  1.56891E+00  1.56727E+00  1.55942E+00  1.54729E+00  1.53733E+00  1.53497E+00  1.53989E+00  1.54768E+00  1.55450E+00  1.55883E+00  1.55996E+00  1.55683E+00  1.54932E+00  1.54035E+00  1.53516E+00  1.53701E+00  1.54425E+00
  1.56176E+00  1.55749E+00  1.54937E+00  1.53991E+00  1.53409E+00  1.53517E+00  1.54186E+00  1.55031E+00  1.55804E+00  1.56493E+00  1.57122E+00  1.57556E+00  1.57576E+00  1.57155E+00  1.56562E+00  1.56136E+00  1.56001E+00
  1.56028E+00  1.55658E+00  1.55067E+00  1.54447E+00  1.54126E+00  1.54296E+00  1.54852E+00  1.55575E+00  1.56408E+00  1.57480E+00  1.58805E+00  1.60011E+00  1.60487E+00  1.59945E+00  1.58741E+00  1.57536E+00  1.56747E+00
  1.56088E+00  1.55873E+00  1.55546E+00  1.55219E+00  1.55065E+00  1.55189E+00  1.55562E+00  1.56158E+00  1.57144E+00  1.58810E+00  1.61124E+00  1.63333E+00  1.64262E+00  1.63330E+00  1.61137E+00  1.58882E+00  1.57350E+00
  1.56166E+00  1.56072E+00  1.55933E+00  1.55796E+00  1.55737E+00  1.55811E+00  1.56052E+00  1.56590E+00  1.57781E+00  1.60056E+00  1.63340E+00  1.66511E+00  1.67853E+00  1.66513E+00  1.63350E+00  1.60089E+00  1.57868E+00
  1.56210E+00  1.56178E+00  1.56132E+00  1.56087E+00  1.56071E+00  1.56116E+00  1.56286E+00  1.56787E+00  1.58055E+00  1.60584E+00  1.64278E+00  1.67855E+00  1.69371E+00  1.67856E+00  1.64281E+00  1.60595E+00  1.58083E+00

  1.56257E+00  1.56281E+00  1.56312E+00  1.56337E+00  1.56344E+00  1.56327E+00  1.56296E+00  1.56264E+00  1.56233E+00  1.56183E+00  1.56070E+00  1.55847E+00  1.55522E+00  1.55206E+00  1.55072E+00  1.55206E+00  1.55521E+00
  1.56320E+00  1.56389E+00  1.56465E+00  1.56519E+00  1.56522E+00  1.56470E+00  1.56388E+00  1.56304E+00  1.56213E+00  1.56035E+00  1.55607E+00  1.54750E+00  1.53497E+00  1.52282E+00  1.51767E+00  1.52282E+00  1.53497E+00
  1.56502E+00  1.56677E+00  1.56838E+00  1.56917E+00  1.56875E+00  1.56729E+00  1.56541E+00  1.56359E+00  1.56134E+00  1.55625E+00  1.54344E+00  1.51768E+00  1.47994E+00  1.44335E+00  1.42784E+00  1.44335E+00  1.47994E+00
  1.56947E+00  1.57344E+00  1.57638E+00  1.57690E+00  1.57483E+00  1.57122E+00  1.56744E+00  1.56406E+00  1.55944E+00  1.54779E+00  1.51774E+00  1.45708E+00  1.36812E+00  1.28187E+00  1.24532E+00  1.28187E+00  1.36812E+00
  1.57806E+00  1.58594E+00  1.59066E+00  1.58975E+00  1.58396E+00  1.57631E+00  1.56956E+00  1.56410E+00  1.55630E+00  1.53522E+00  1.47996E+00  1.36811E+00  1.20400E+00  1.04487E+00  9.77443E-01  1.04488E+00  1.20401E+00
  1.59032E+00  1.60346E+00  1.61010E+00  1.60639E+00  1.59477E+00  1.58140E+00  1.57089E+00  1.56332E+00  1.55264E+00  1.52268E+00  1.44316E+00  1.28177E+00  1.04484E+00  8.15058E-01  7.17685E-01  8.15069E-01  1.04488E+00
  1.60182E+00  1.61951E+00  1.62720E+00  1.61992E+00  1.60213E+00  1.58323E+00  1.56960E+00  1.56092E+00  1.54948E+00  1.51636E+00  1.42705E+00  1.24497E+00  9.77322E-01  7.17654E-01  6.07608E-01  7.17686E-01  9.77444E-01
  1.60580E+00  1.62418E+00  1.63044E+00  1.61968E+00  1.59803E+00  1.57678E+00  1.56287E+00  1.55552E+00  1.54679E+00  1.51908E+00  1.44134E+00  1.28102E+00  1.04460E+00  8.15000E-01  7.17677E-01  8.15070E-01  1.04488E+00
  1.59872E+00  1.61215E+00  1.61340E+00  1.59939E+00  1.57749E+00  1.55880E+00  1.54898E+00  1.54625E+00  1.54354E+00  1.52755E+00  1.47615E+00  1.36660E+00  1.20357E+00  1.04482E+00  9.77471E-01  1.04490E+00  1.20402E+00
  1.58395E+00  1.58835E+00  1.58186E+00  1.56453E+00  1.54491E+00  1.53260E+00  1.53049E+00  1.53494E+00  1.53972E+00  1.53638E+00  1.51236E+00  1.45527E+00  1.36795E+00  1.28220E+00  1.24565E+00  1.28206E+00  1.36820E+00
  1.56895E+00  1.56437E+00  1.55043E+00  1.53038E+00  1.51385E+00  1.50876E+00  1.51495E+00  1.52657E+00  1.53771E+00  1.54356E+00  1.53861E+00  1.51762E+00  1.48202E+00  1.44573E+00  1.42960E+00  1.44432E+00  1.48035E+00
  1.55940E+00  1.54961E+00  1.53203E+00  1.51171E+00  1.49847E+00  1.49874E+00  1.51030E+00  1.52606E+00  1.54055E+00  1.55142E+00  1.55699E+00  1.55515E+00  1.54554E+00  1.53265E+00  1.52457E+00  1.52658E+00  1.53656E+00
  1.55628E+00  1.54611E+00  1.53000E+00  1.51296E+00  1.50336E+00  1.50608E+00  1.51845E+00  1.53417E+00  1.54938E+00  1.56382E+00  1.57731E+00  1.58701E+00  1.58882E+00  1.58213E+00  1.57161E+00  1.56339E+00  1.56002E+00
  1.55724E+00  1.54982E+00  1.53855E+00  1.52708E+00  1.52116E+00  1.52402E+00  1.53387E+00  1.54706E+00  1.56286E+00  1.58349E+00  1.60887E+00  1.63182E+00  1.64108E+00  1.63137E+00  1.60926E+00  1.58696E+00  1.57221E+00
  1.55939E+00  1.55529E+00  1.54917E+00  1.54306E+00  1.54010E+00  1.54215E+00  1.54874E+00  1.55963E+00  1.57801E+00  1.60909E+00  1.65216E+00  1.69318E+00  1.71048E+00  1.69335E+00  1.65292E+00  1.61130E+00  1.58301E+00
  1.56105E+00  1.55930E+00  1.55671E+00  1.55415E+00  1.55300E+00  1.55426E+00  1.55860E+00  1.56849E+00  1.59051E+00  1.63260E+00  1.69332E+00  1.75191E+00  1.77672E+00  1.75201E+00  1.69366E+00  1.63349E+00  1.59250E+00
  1.56190E+00  1.56132E+00  1.56046E+00  1.55962E+00  1.55931E+00  1.56010E+00  1.56322E+00  1.57244E+00  1.59585E+00  1.64254E+00  1.71073E+00  1.77675E+00  1.80473E+00  1.77678E+00  1.71083E+00  1.64281E+00  1.59647E+00

  1.56291E+00  1.56367E+00  1.56476E+00  1.56580E+00  1.56623E+00  1.56577E+00  1.56471E+00  1.56361E+00  1.56274E+00  1.56192E+00  1.56054E+00  1.55799E+00  1.55429E+00  1.55072E+00  1.54921E+00  1.55072E+00  1.55429E+00
  1.56383E+00  1.56567E+00  1.56826E+00  1.57069E+00  1.57164E+00  1.57050E+00  1.56795E+00  1.56527E+00  1.56304E+00  1.56043E+00  1.55536E+00  1.54560E+00  1.53141E+00  1.51767E+00  1.51185E+00  1.51767E+00  1.53140E+00
  1.56557E+00  1.56916E+00  1.57403E+00  1.57842E+00  1.57996E+00  1.57762E+00  1.57275E+00  1.56761E+00  1.56289E+00  1.55604E+00  1.54114E+00  1.51191E+00  1.46922E+00  1.42785E+00  1.41032E+00  1.42784E+00  1.46920E+00
  1.56838E+00  1.57418E+00  1.58146E+00  1.58752E+00  1.58910E+00  1.58506E+00  1.57751E+00  1.56958E+00  1.56136E+00  1.54667E+00  1.51213E+00  1.44340E+00  1.34282E+00  1.24532E+00  1.20401E+00  1.24532E+00  1.34281E+00
  1.57240E+00  1.58036E+00  1.58913E+00  1.59527E+00  1.59549E+00  1.58930E+00  1.57957E+00  1.56955E+00  1.55769E+00  1.53232E+00  1.46933E+00  1.34279E+00  1.15729E+00  9.77434E-01  9.01220E-01  9.77443E-01  1.15732E+00
  1.57712E+00  1.58663E+00  1.59519E+00  1.59906E+00  1.59611E+00  1.58742E+00  1.57654E+00  1.56602E+00  1.55199E+00  1.51725E+00  1.42727E+00  1.24500E+00  9.77312E-01  7.17644E-01  6.07603E-01  7.17685E-01  9.77444E-01
