# # MODEL FILE WRITTEN BY MTPY.MODELING.MODEM, JON
   17   17   25    0 LOG10
    6000.000    3000.000    3000.000    3000.000    3000.000    3000.000    3000.000    3000.000    3000.000    3000.000    3000.000    3000.000    3000.000    3000.000    3000.000    3000.000    6000.000
    6000.000    3000.000    3000.000    3000.000    3000.000    3000.000    3000.000    3000.000    3000.000    3000.000    3000.000    3000.000    3000.000    3000.000    3000.000    3000.000    6000.000
      20.000      40.000      60.000      80.000     100.000     200.000     300.000     400.000     500.000     600.000     700.000     800.000     900.000    1000.000    1000.000    1500.000    1500.000    2000.000    2000.000    2500.000    2500.000    3000.000    3000.000    3500.000    3500.000

  1.65097E+00  1.65097E+00  1.65098E+00  1.65098E+00  1.65098E+00  1.65098E+00  1.65098E+00  1.65097E+00  1.65097E+00  1.65096E+00  1.65093E+00  1.65087E+00  1.65079E+00  1.65071E+00  1.65067E+00  1.65071E+00  1.65079E+00
  1.65098E+00  1.65099E+00  1.65101E+00  1.65102E+00  1.65103E+00  1.65102E+00  1.65101E+00  1.65099E+00  1.65097E+00  1.65095E+00  1.65091E+00  1.65083E+00  1.65071E+00  1.65059E+00  1.65054E+00  1.65059E+00  1.65071E+00
  1.65102E+00  1.65108E+00  1.65118E+00  1.65127E+00  1.65131E+00  1.65127E+00  1.65118E+00  1.65108E+00  1.65101E+00  1.65097E+00  1.65091E+00  1.65081E+00  1.65067E+00  1.65054E+00  1.65048E+00  1.65054E+00  1.65067E+00
  1.65120E+00  1.65152E+00  1.65198E+00  1.65242E+00  1.65261E+00  1.65242E+00  1.65198E+00  1.65152E+00  1.65120E+00  1.65103E+00  1.65093E+00  1.65083E+00  1.65071E+00  1.65059E+00  1.65054E+00  1.65059E+00  1.65071E+00
  1.65186E+00  1.65307E+00  1.65484E+00  1.65656E+00  1.65728E+00  1.65656E+00  1.65484E+00  1.65307E+00  1.65186E+00  1.65125E+00  1.65101E+00  1.65089E+00  1.65079E+00  1.65071E+00  1.65067E+00  1.65071E+00  1.65079E+00
  1.65365E+00  1.65728E+00  1.66262E+00  1.66779E+00  1.66998E+00  1.66779E+00  1.66262E+00  1.65728E+00  1.65365E+00  1.65185E+00  1.65118E+00  1.65097E+00  1.65088E+00  1.65083E+00  1.65081E+00  1.65083E+00  1.65087E+00
  1.65728E+00  1.66585E+00  1.67842E+00  1.69061E+00  1.69578E+00  1.69061E+00  1.67842E+00  1.66585E+00  1.65728E+00  1.65307E+00  1.65151E+00  1.65106E+00  1.65095E+00  1.65091E+00  1.65090E+00  1.65091E+00  1.65093E+00
  1.66262E+00  1.67842E+00  1.70162E+00  1.72411E+00  1.73364E+00  1.72411E+00  1.70162E+00  1.67842E+00  1.66262E+00  1.65484E+00  1.65197E+00  1.65117E+00  1.65099E+00  1.65096E+00  1.65095E+00  1.65095E+00  1.65096E+00
  1.66779E+00  1.69061E+00  1.72411E+00  1.75659E+00  1.77036E+00  1.75659E+00  1.72411E+00  1.69061E+00  1.66779E+00  1.65656E+00  1.65242E+00  1.65127E+00  1.65102E+00  1.65097E+00  1.65097E+00  1.65097E+00  1.65097E+00
  1.66998E+00  1.69578E+00  1.73364E+00  1.77035E+00  1.78591E+00  1.77035E+00  1.73364E+00  1.69578E+00  1.66998E+00  1.65728E+00  1.65261E+00  1.65131E+00  1.65103E+00  1.65098E+00  1.65097E+00  1.65097E+00  1.65097E+00
  1.66779E+00  1.69061E+00  1.72411E+00  1.75659E+00  1.77035E+00  1.75659E+00  1.72411E+00  1.69061E+00  1.66779E+00  1.65656E+00  1.65242E+00  1.65127E+00  1.65102E+00  1.65098E+00  1.65097E+00  1.65097E+00  1.65097E+00
  1.66262E+00  1.67842E+00  1.70162E+00  1.72411E+00  1.73364E+00  1.72411E+00  1.70162E+00  1.67842E+00  1.66262E+00  1.65484E+00  1.65198E+00  1.65118E+00  1.65100E+00  1.65098E+00  1.65097E+00  1.65097E+00  1.65097E+00
  1.65728E+00  1.66585E+00  1.67842E+00  1.69061E+00  1.69578E+00  1.69061E+00  1.67842E+00  1.66585E+00  1.65728E+00  1.65307E+00  1.65152E+00  1.65108E+00  1.65099E+00  1.65097E+00  1.65097E+00  1.65097E+00  1.65097E+00
  1.65365E+00  1.65728E+00  1.66262E+00  1.66779E+00  1.66998E+00  1.66779E+00  1.66262E+00  1.65728E+00  1.65365E+00  1.65186E+00  1.65120E+00  1.65102E+00  1.65098E+00  1.65097E+00  1.65097E+00  1.65097E+00  1.65097E+00
  1.65186E+00  1.65307E+00  1.65484E+00  1.65656E+00  1.65728E+00  1.65656E+00  1.65484E+00  1.65307E+00  1.65186E+00  1.65127E+00  1.65105E+00  1.65099E+00  1.65097E+00  1.65097E+00  1.65096E+00  1.65096E+00  1.65096E+00
  1.65120E+00  1.65152E+00  1.65198E+00  1.65242E+00  1.65261E+00  1.65242E+00  1.65198E+00  1.65152E+00  1.65120E+00  1.65105E+00  1.65099E+00  1.65097E+00  1.65097E+00  1.65096E+00  1.65096E+00  1.65096E+00  1.65096E+00
  1.65102E+00  1.65108E+00  1.65118E+00  1.65127E+00  1.65131E+00  1.65127E+00  1.65118E+00  1.65108E+00  1.65102E+00  1.65099E+00  1.65098E+00  1.65097E+00  1.65097E+00  1.65096E+00  1.65096E+00  1.65095E+00  1.65096E+00

  1.65097E+00  1.65098E+00  1.65098E+00  1.65098E+00  1.65098E+00  1.65098E+00  1.65098E+00  1.65097E+00  1.65095E+00  1.65088E+00  1.65071E+00  1.65034E+00  1.64981E+00  1.64929E+00  1.64907E+00  1.64929E+00  1.64981E+00
  1.65099E+00  1.65101E+00  1.65103E+00  1.65106E+00  1.65107E+00  1.65106E+00  1.65103E+00  1.65100E+00  1.65095E+00  1.65085E+00  1.65059E+00  1.65006E+00  1.64929E+00  1.64854E+00  1.64823E+00  1.64854E+00  1.64929E+00
  1.65106E+00  1.65118E+00  1.65135E+00  1.65152E+00  1.65159E+00  1.65152E+00  1.65135E+00  1.65117E+00  1.65102E+00  1.65086E+00  1.65054E+00  1.64994E+00  1.64907E+00  1.64823E+00  1.64787E+00  1.64823E+00  1.64907E+00
  1.65140E+00  1.65198E+00  1.65283E+00  1.65365E+00  1.65400E+00  1.65365E+00  1.65283E+00  1.65197E+00  1.65137E+00  1.65099E+00  1.65062E+00  1.65007E+00  1.64929E+00  1.64854E+00  1.64823E+00  1.64854E+00  1.64929E+00
  1.65261E+00  1.65484E+00  1.65811E+00  1.66128E+00  1.66262E+00  1.66128E+00  1.65811E+00  1.65484E+00  1.65259E+00  1.65143E+00  1.65085E+00  1.65037E+00  1.64981E+00  1.64929E+00  1.64907E+00  1.64929E+00  1.64981E+00
  1.65592E+00  1.66262E+00  1.67247E+00  1.68201E+00  1.68606E+00  1.68201E+00  1.67247E+00  1.66262E+00  1.65590E+00  1.65257E+00  1.65125E+00  1.65072E+00  1.65036E+00  1.65006E+00  1.64994E+00  1.65006E+00  1.65034E+00
  1.66262E+00  1.67843E+00  1.70164E+00  1.72414E+00  1.73367E+00  1.72414E+00  1.70164E+00  1.67843E+00  1.66262E+00  1.65482E+00  1.65192E+00  1.65103E+00  1.65074E+00  1.65059E+00  1.65054E+00  1.65059E+00  1.65071E+00
  1.67246E+00  1.70163E+00  1.74444E+00  1.78595E+00  1.80354E+00  1.78595E+00  1.74444E+00  1.70163E+00  1.67246E+00  1.65810E+00  1.65281E+00  1.65130E+00  1.65094E+00  1.65085E+00  1.65083E+00  1.65084E+00  1.65088E+00
  1.68201E+00  1.72413E+00  1.78594E+00  1.84588E+00  1.87129E+00  1.84588E+00  1.78594E+00  1.72413E+00  1.68201E+00  1.66128E+00  1.65365E+00  1.65150E+00  1.65104E+00  1.65095E+00  1.65094E+00  1.65094E+00  1.65095E+00
  1.68605E+00  1.73365E+00  1.80352E+00  1.87127E+00  1.89998E+00  1.87127E+00  1.80352E+00  1.73365E+00  1.68605E+00  1.66262E+00  1.65400E+00  1.65159E+00  1.65107E+00  1.65098E+00  1.65097E+00  1.65097E+00  1.65097E+00
  1.68200E+00  1.72412E+00  1.78593E+00  1.84587E+00  1.87126E+00  1.84587E+00  1.78593E+00  1.72412E+00  1.68200E+00  1.66128E+00  1.65365E+00  1.65152E+00  1.65106E+00  1.65098E+00  1.65097E+00  1.65097E+00  1.65097E+00
  1.67246E+00  1.70162E+00  1.74442E+00  1.78592E+00  1.80351E+00  1.78592E+00  1.74442E+00  1.70162E+00  1.67246E+00  1.65811E+00  1.65283E+00  1.65135E+00  1.65103E+00  1.65098E+00  1.65097E+00  1.65097E+00  1.65097E+00
  1.66262E+00  1.67842E+00  1.70162E+00  1.72411E+00  1.73365E+00  1.72411E+00  1.70162E+00  1.67842E+00  1.66262E+00  1.65484E+00  1.65198E+00  1.65117E+00  1.65100E+00  1.65097E+00  1.65096E+00  1.65096E+00  1.65096E+00
  1.65591E+00  1.66262E+00  1.67246E+00  1.68200E+00  1.68604E+00  1.68200E+00  1.67246E+00  1.66262E+00  1.65591E+00  1.65261E+00  1.65140E+00  1.65105E+00  1.65097E+00  1.65095E+00  1.65094E+00  1.65093E+00  1.65094E+00
  1.65261E+00  1.65484E+00  1.65811E+00  1.66127E+00  1.66262E+00  1.66127E+00  1.65811E+00  1.65484E+00  1.65261E+00  1.65152E+00  1.65111E+00  1.65099E+00  1.65095E+00  1.65093E+00  1.65091E+00  1.65090E+00  1.65091E+00
  1.65140E+00  1.65198E+00  1.65283E+00  1.65365E+00  1.65400E+00  1.65365E+00  1.65283E+00  1.65198E+00  1.65140E+00  1.65111E+00  1.65100E+00  1.65097E+00  1.65094E+00  1.65091E+00  1.65088E+00  1.65087E+00  1.65088E+00
  1.65106E+00  1.65118E+00  1.65135E+00  1.65152E+00  1.65159E+00  1.65152E+00  1.65135E+00  1.65118E+00  1.65106E+00  1.65100E+00  1.65097E+00  1.65096E+00  1.65093E+00  1.65090E+00  1.65087E+00  1.65086E+00  1.65087E+00

  1.65098E+00  1.65098E+00  1.65098E+00  1.65099E+00  1.65099E+00  1.65099E+00  1.65098E+00  1.65096E+00  1.65086E+00  1.65054E+00  1.64966E+00  1.64787E+00  1.64525E+00  1.64271E+00  1.64163E+00  1.64271E+00  1.64525E+00
  1.65099E+00  1.65102E+00  1.65106E+00  1.65110E+00  1.65112E+00  1.65110E+00  1.65105E+00  1.65099E+00  1.65083E+00  1.65035E+00  1.64907E+00  1.64649E+00  1.64271E+00  1.63904E+00  1.63748E+00  1.63904E+00  1.64271E+00
  1.65110E+00  1.65127E+00  1.65152E+00  1.65176E+00  1.65187E+00  1.65176E+00  1.65151E+00  1.65123E+00  1.65091E+00  1.65030E+00  1.64884E+00  1.64591E+00  1.64163E+00  1.63748E+00  1.63572E+00  1.63748E+00  1.64163E+00
  1.65159E+00  1.65243E+00  1.65366E+00  1.65486E+00  1.65536E+00  1.65486E+00  1.65366E+00  1.65240E+00  1.65143E+00  1.65055E+00  1.64913E+00  1.64650E+00  1.64271E+00  1.63904E+00  1.63748E+00  1.63904E+00  1.64271E+00
  1.65335E+00  1.65658E+00  1.66131E+00  1.66591E+00  1.66785E+00  1.66591E+00  1.66131E+00  1.65655E+00  1.65324E+00  1.65133E+00  1.64986E+00  1.64791E+00  1.64526E+00  1.64271E+00  1.64163E+00  1.64271E+00  1.64525E+00
  1.65813E+00  1.66784E+00  1.68209E+00  1.69591E+00  1.70177E+00  1.69591E+00  1.68209E+00  1.66783E+00  1.65807E+00  1.65311E+00  1.65088E+00  1.64942E+00  1.64789E+00  1.64650E+00  1.64591E+00  1.64649E+00  1.64787E+00
  1.66783E+00  1.69070E+00  1.72428E+00  1.75683E+00  1.77063E+00  1.75683E+00  1.72428E+00  1.69070E+00  1.66780E+00  1.65647E+00  1.65212E+00  1.65056E+00  1.64970E+00  1.64908E+00  1.64883E+00  1.64907E+00  1.64966E+00
  1.68205E+00  1.72424E+00  1.78616E+00  1.84619E+00  1.87163E+00  1.84619E+00  1.78615E+00  1.72424E+00  1.68205E+00  1.66126E+00  1.65355E+00  1.65128E+00  1.65062E+00  1.65035E+00  1.65026E+00  1.65034E+00  1.65054E+00
  1.69584E+00  1.75674E+00  1.84611E+00  1.93278E+00  1.96951E+00  1.93278E+00  1.84611E+00  1.75674E+00  1.69584E+00  1.66586E+00  1.65482E+00  1.65170E+00  1.65098E+00  1.65082E+00  1.65079E+00  1.65081E+00  1.65086E+00
  1.70167E+00  1.77048E+00  1.87148E+00  1.96941E+00  2.01090E+00  1.96941E+00  1.87148E+00  1.77048E+00  1.70167E+00  1.66781E+00  1.65534E+00  1.65185E+00  1.65109E+00  1.65096E+00  1.65094E+00  1.65094E+00  1.65095E+00
  1.69582E+00  1.75668E+00  1.84601E+00  1.93262E+00  1.96933E+00  1.93262E+00  1.84601E+00  1.75668E+00  1.69582E+00  1.66586E+00  1.65484E+00  1.65176E+00  1.65109E+00  1.65098E+00  1.65096E+00  1.65096E+00  1.65096E+00
  1.68202E+00  1.72416E+00  1.78600E+00  1.84597E+00  1.87138E+00  1.84597E+00  1.78600E+00  1.72416E+00  1.68202E+00  1.66128E+00  1.65365E+00  1.65151E+00  1.65105E+00  1.65097E+00  1.65095E+00  1.65095E+00  1.65095E+00
  1.66780E+00  1.69063E+00  1.72415E+00  1.75664E+00  1.77041E+00  1.75664E+00  1.72415E+00  1.69063E+00  1.66780E+00  1.65656E+00  1.65242E+00  1.65126E+00  1.65099E+00  1.65093E+00  1.65090E+00  1.65089E+00  1.65090E+00
  1.65811E+00  1.66780E+00  1.68201E+00  1.69580E+00  1.70164E+00  1.69580E+00  1.68201E+00  1.66780E+00  1.65811E+00  1.65334E+00  1.65158E+00  1.65107E+00  1.65093E+00  1.65086E+00  1.65080E+00  1.65078E+00  1.65080E+00
  1.65334E+00  1.65656E+00  1.66128E+00  1.66585E+00  1.66779E+00  1.66585E+00  1.66128E+00  1.65656E+00  1.65334E+00  1.65176E+00  1.65116E+00  1.65096E+00  1.65086E+00  1.65076E+00  1.65066E+00  1.65062E+00  1.65066E+00
  1.65159E+00  1.65242E+00  1.65365E+00  1.65484E+00  1.65534E+00  1.65484E+00  1.65365E+00  1.65242E+00  1.65159E+00  1.65117E+00  1.65100E+00  1.65091E+00  1.65081E+00  1.65066E+00  1.65052E+00  1.65046E+00  1.65052E+00
  1.65110E+00  1.65127E+00  1.65152E+00  1.65176E+00  1.65186E+00  1.65176E+00  1.65152E+00  1.65127E+00  1.65110E+00  1.65101E+00  1.65096E+00  1.65089E+00  1.65078E+00  1.65062E+00  1.65046E+00  1.65040E+00  1.65046E+00

  1.65098E+00  1.65098E+00  1.65099E+00  1.65099E+00  1.65099E+00  1.65099E+00  1.65097E+00  1.65089E+00  1.65054E+00  1.64929E+00  1.64591E+00  1.63904E+00  1.62895E+00  1.61917E+00  1.61502E+00  1.61917E+00  1.62895E+00
  1.65100E+00  1.65103E+00  1.65108E+00  1.65112E+00  1.65114E+00  1.65112E+00  1.65105E+00  1.65090E+00  1.65037E+00  1.64855E+00  1.64366E+00  1.63374E+00  1.61917E+00  1.60504E+00  1.59906E+00  1.60504E+00  1.61917E+00
  1.65112E+00  1.65132E+00  1.65161E+00  1.65189E+00  1.65201E+00  1.65189E+00  1.65159E+00  1.65117E+00  1.65041E+00  1.64828E+00  1.64272E+00  1.63149E+00  1.61502E+00  1.59906E+00  1.59229E+00  1.59906E+00  1.61502E+00
  1.65169E+00  1.65266E+00  1.65408E+00  1.65546E+00  1.65605E+00  1.65546E+00  1.65406E+00  1.65253E+00  1.65106E+00  1.64878E+00  1.64372E+00  1.63375E+00  1.61917E+00  1.60504E+00  1.59906E+00  1.60504E+00  1.61917E+00
  1.65371E+00  1.65742E+00  1.66286E+00  1.66815E+00  1.67038E+00  1.66814E+00  1.66285E+00  1.65733E+00  1.65327E+00  1.65020E+00  1.64615E+00  1.63908E+00  1.62896E+00  1.61917E+00  1.61502E+00  1.61917E+00  1.62895E+00
  1.65917E+00  1.67030E+00  1.68663E+00  1.70246E+00  1.70917E+00  1.70246E+00  1.68662E+00  1.67025E+00  1.65893E+00  1.65278E+00  1.64894E+00  1.64465E+00  1.63906E+00  1.63374E+00  1.63149E+00  1.63374E+00  1.63904E+00
  1.67023E+00  1.69636E+00  1.73472E+00  1.77191E+00  1.78767E+00  1.77191E+00  1.73471E+00  1.69634E+00  1.67013E+00  1.65698E+00  1.65147E+00  1.64857E+00  1.64596E+00  1.64367E+00  1.64271E+00  1.64366E+00  1.64591E+00
  1.68640E+00  1.73448E+00  1.80505E+00  1.87348E+00  1.90247E+00  1.87348E+00  1.80505E+00  1.73447E+00  1.68637E+00  1.66261E+00  1.65364E+00  1.65068E+00  1.64939E+00  1.64856E+00  1.64823E+00  1.64854E+00  1.64929E+00
  1.70202E+00  1.77130E+00  1.87299E+00  1.97159E+00  2.01337E+00  1.97159E+00  1.87299E+00  1.77130E+00  1.70201E+00  1.66789E+00  1.65528E+00  1.65163E+00  1.65068E+00  1.65036E+00  1.65026E+00  1.65034E+00  1.65054E+00
  1.70857E+00  1.78675E+00  1.90149E+00  2.01275E+00  2.06006E+00  2.01275E+00  1.90149E+00  1.78675E+00  1.70857E+00  1.67009E+00  1.65592E+00  1.65193E+00  1.65104E+00  1.65086E+00  1.65082E+00  1.65084E+00  1.65088E+00
  1.70186E+00  1.77093E+00  1.87231E+00  1.97061E+00  2.01226E+00  1.97061E+00  1.87231E+00  1.77093E+00  1.70186E+00  1.66787E+00  1.65536E+00  1.65185E+00  1.65109E+00  1.65095E+00  1.65093E+00  1.65093E+00  1.65093E+00
  1.68618E+00  1.73395E+00  1.80408E+00  1.87207E+00  1.90089E+00  1.87207E+00  1.80408E+00  1.73395E+00  1.68617E+00  1.66266E+00  1.65401E+00  1.65158E+00  1.65103E+00  1.65092E+00  1.65088E+00  1.65087E+00  1.65088E+00
  1.67004E+00  1.69591E+00  1.73389E+00  1.77071E+00  1.78631E+00  1.77071E+00  1.73389E+00  1.69591E+00  1.67004E+00  1.65730E+00  1.65260E+00  1.65126E+00  1.65092E+00  1.65079E+00  1.65070E+00  1.65066E+00  1.65070E+00
  1.65905E+00  1.67002E+00  1.68612E+00  1.70173E+00  1.70835E+00  1.70173E+00  1.68612E+00  1.67002E+00  1.65905E+00  1.65365E+00  1.65164E+00  1.65101E+00  1.65075E+00  1.65053E+00  1.65032E+00  1.65024E+00  1.65032E+00
  1.65365E+00  1.65730E+00  1.66264E+00  1.66782E+00  1.67001E+00  1.66782E+00  1.66264E+00  1.65729E+00  1.65365E+00  1.65185E+00  1.65114E+00  1.65083E+00  1.65053E+00  1.65014E+00  1.64977E+00  1.64962E+00  1.64977E+00
  1.65167E+00  1.65262E+00  1.65400E+00  1.65535E+00  1.65592E+00  1.65535E+00  1.65400E+00  1.65261E+00  1.65166E+00  1.65118E+00  1.65094E+00  1.65071E+00  1.65032E+00  1.64977E+00  1.64924E+00  1.64901E+00  1.64924E+00
  1.65111E+00  1.65131E+00  1.65159E+00  1.65186E+00  1.65198E+00  1.65186E+00  1.65159E+00  1.65131E+00  1.65111E+00  1.65099E+00  1.65088E+00  1.65066E+00  1.65024E+00  1.64962E+00  1.64901E+00  1.64876E+00  1.64901E+00

  1.65098E+00  1.65098E+00  1.65099E+00  1.65099E+00  1.65100E+00  1.65099E+00  1.65094E+00  1.65071E+00  1.64966E+00  1.64591E+00  1.63572E+00  1.61502E+00  1.58465E+00  1.55519E+00  1.54271E+00  1.55519E+00  1.58465E+00
  1.65100E+00  1.65103E+00  1.65108E+00  1.65113E+00  1.65115E+00  1.65112E+00  1.65102E+00  1.65064E+00  1.64910E+00  1.64367E+00  1.62895E+00  1.59906E+00  1.55519E+00  1.51265E+00  1.49463E+00  1.51265E+00  1.55519E+00
  1.65112E+00  1.65132E+00  1.65162E+00  1.65191E+00  1.65203E+00  1.65190E+00  1.65155E+00  1.65089E+00  1.64897E+00  1.64276E+00  1.62609E+00  1.59230E+00  1.54271E+00  1.49463E+00  1.47425E+00  1.49463E+00  1.54271E+00
  1.65168E+00  1.65264E+00  1.65405E+00  1.65542E+00  1.65600E+00  1.65542E+00  1.65399E+00  1.65226E+00  1.64978E+00  1.64390E+00  1.62901E+00  1.59907E+00  1.55519E+00  1.51265E+00  1.49463E+00  1.51265E+00  1.55519E+00
  1.65362E+00  1.65722E+00  1.66249E+00  1.66761E+00  1.66978E+00  1.66760E+00  1.66245E+00  1.65695E+00  1.65231E+00  1.64679E+00  1.63595E+00  1.61507E+00  1.58465E+00  1.55519E+00  1.54271E+00  1.55519E+00  1.58465E+00
  1.65877E+00  1.66935E+00  1.68487E+00  1.69993E+00  1.70630E+00  1.69992E+00  1.68485E+00  1.66920E+00  1.65805E+00  1.65082E+00  1.64338E+00  1.63163E+00  1.61505E+00  1.59906E+00  1.59229E+00  1.59906E+00  1.61502E+00
  1.66901E+00  1.69348E+00  1.72941E+00  1.76424E+00  1.77900E+00  1.76424E+00  1.72940E+00  1.69342E+00  1.66870E+00  1.65580E+00  1.64902E+00  1.64302E+00  1.63577E+00  1.62896E+00  1.62608E+00  1.62895E+00  1.63572E+00
  1.68376E+00  1.72826E+00  1.79356E+00  1.85689E+00  1.88372E+00  1.85689E+00  1.79356E+00  1.72824E+00  1.68366E+00  1.66147E+00  1.65264E+00  1.64880E+00  1.64600E+00  1.64367E+00  1.64271E+00  1.64366E+00  1.64591E+00
  1.69777E+00  1.76128E+00  1.85449E+00  1.94487E+00  1.98317E+00  1.94487E+00  1.85449E+00  1.76127E+00  1.69774E+00  1.66641E+00  1.65471E+00  1.65108E+00  1.64979E+00  1.64909E+00  1.64882E+00  1.64907E+00  1.64965E+00
  1.70338E+00  1.77450E+00  1.87888E+00  1.98010E+00  2.02300E+00  1.98010E+00  1.87888E+00  1.77450E+00  1.70337E+00  1.66835E+00  1.65543E+00  1.65175E+00  1.65085E+00  1.65059E+00  1.65052E+00  1.65057E+00  1.65069E+00
  1.69700E+00  1.75946E+00  1.85114E+00  1.94003E+00  1.97770E+00  1.94003E+00  1.85114E+00  1.75946E+00  1.69699E+00  1.66625E+00  1.65493E+00  1.65175E+00  1.65103E+00  1.65088E+00  1.65083E+00  1.65083E+00  1.65086E+00
  1.68266E+00  1.72566E+00  1.78878E+00  1.84998E+00  1.87592E+00  1.84998E+00  1.78878E+00  1.72566E+00  1.68266E+00  1.66149E+00  1.65369E+00  1.65148E+00  1.65095E+00  1.65079E+00  1.65069E+00  1.65065E+00  1.65069E+00
  1.66807E+00  1.69127E+00  1.72533E+00  1.75835E+00  1.77234E+00  1.75835E+00  1.72533E+00  1.69127E+00  1.66807E+00  1.65664E+00  1.65240E+00  1.65114E+00  1.65071E+00  1.65040E+00  1.65014E+00  1.65003E+00  1.65014E+00
  1.65820E+00  1.66801E+00  1.68240E+00  1.69636E+00  1.70228E+00  1.69636E+00  1.68240E+00  1.66801E+00  1.65819E+00  1.65335E+00  1.65149E+00  1.65079E+00  1.65026E+00  1.64962E+00  1.64901E+00  1.64876E+00  1.64901E+00
  1.65337E+00  1.65661E+00  1.66138E+00  1.66600E+00  1.66796E+00  1.66600E+00  1.66138E+00  1.65661E+00  1.65336E+00  1.65172E+00  1.65099E+00  1.65044E+00  1.64962E+00  1.64847E+00  1.64736E+00  1.64689E+00  1.64736E+00
  1.65159E+00  1.65244E+00  1.65367E+00  1.65487E+00  1.65538E+00  1.65487E+00  1.65367E+00  1.65243E+00  1.65158E+00  1.65111E+00  1.65075E+00  1.65015E+00  1.64902E+00  1.64736E+00  1.64575E+00  1.64507E+00  1.64575E+00
  1.65110E+00  1.65127E+00  1.65152E+00  1.65176E+00  1.65187E+00  1.65176E+00  1.65152E+00  1.65127E+00  1.65108E+00  1.65093E+00  1.65067E+00  1.65004E+00  1.64876E+00  1.64689E+00  1.64507E+00  1.64430E+00  1.64507E+00

  1.65098E+00  1.65098E+00  1.65099E+00  1.65100E+00  1.65101E+00  1.65099E+00  1.65089E+00  1.65035E+00  1.64788E+00  1.63904E+00  1.61502E+00  1.56623E+00  1.49463E+00  1.42519E+00  1.39576E+00  1.42519E+00  1.49463E+00
  1.65101E+00  1.65105E+00  1.65112E+00  1.65118E+00  1.65120E+00  1.65116E+00  1.65097E+00  1.65014E+00  1.64653E+00  1.63375E+00  1.59906E+00  1.52860E+00  1.42519E+00  1.32491E+00  1.28242E+00  1.32491E+00  1.42519E+00
  1.65115E+00  1.65140E+00  1.65175E+00  1.65210E+00  1.65225E+00  1.65208E+00  1.65159E+00  1.65037E+00  1.64609E+00  1.63155E+00  1.59231E+00  1.51265E+00  1.39577E+00  1.28242E+00  1.23439E+00  1.28242E+00  1.39576E+00
  1.65176E+00  1.65282E+00  1.65438E+00  1.65590E+00  1.65654E+00  1.65588E+00  1.65424E+00  1.65191E+00  1.64728E+00  1.63400E+00  1.59913E+00  1.52861E+00  1.42519E+00  1.32491E+00  1.28242E+00  1.32491E+00  1.42519E+00
  1.65369E+00  1.65738E+00  1.66280E+00  1.66805E+00  1.67027E+00  1.66803E+00  1.66270E+00  1.65675E+00  1.65059E+00  1.63994E+00  1.61526E+00  1.56628E+00  1.49463E+00  1.42519E+00  1.39576E+00  1.42519E+00  1.49463E+00
  1.65845E+00  1.66861E+00  1.68351E+00  1.69796E+00  1.70409E+00  1.69796E+00  1.68346E+00  1.66827E+00  1.65677E+00  1.64699E+00  1.63213E+00  1.60518E+00  1.56625E+00  1.52860E+00  1.51265E+00  1.52860E+00  1.56623E+00
  1.66731E+00  1.68948E+00  1.72201E+00  1.75356E+00  1.76693E+00  1.75356E+00  1.72199E+00  1.68933E+00  1.66659E+00  1.65365E+00  1.64412E+00  1.63178E+00  1.61507E+00  1.59906E+00  1.59229E+00  1.59906E+00  1.61502E+00
  1.67923E+00  1.71758E+00  1.77387E+00  1.82845E+00  1.85157E+00  1.82844E+00  1.77386E+00  1.71753E+00  1.67899E+00  1.65944E+00  1.65067E+00  1.64500E+00  1.63912E+00  1.63374E+00  1.63149E+00  1.63373E+00  1.63904E+00
  1.68965E+00  1.74215E+00  1.81920E+00  1.89392E+00  1.92558E+00  1.89392E+00  1.81920E+00  1.74214E+00  1.68959E+00  1.66358E+00  1.65360E+00  1.64997E+00  1.64798E+00  1.64650E+00  1.64590E+00  1.64649E+00  1.64787E+00
  1.69281E+00  1.74960E+00  1.83295E+00  1.91377E+00  1.94801E+00  1.91377E+00  1.83295E+00  1.74960E+00  1.69280E+00  1.66482E+00  1.65444E+00  1.65136E+00  1.65045E+00  1.65005E+00  1.64991E+00  1.65002E+00  1.65031E+00
  1.68669E+00  1.73516E+00  1.80630E+00  1.87529E+00  1.90452E+00  1.87529E+00  1.80630E+00  1.73516E+00  1.68669E+00  1.66282E+00  1.65402E+00  1.65152E+00  1.65091E+00  1.65072E+00  1.65064E+00  1.65064E+00  1.65070E+00
  1.67500E+00  1.70761E+00  1.75547E+00  1.80187E+00  1.82154E+00  1.80187E+00  1.75547E+00  1.70761E+00  1.67500E+00  1.65894E+00  1.65301E+00  1.65128E+00  1.65078E+00  1.65051E+00  1.65030E+00  1.65022E+00  1.65031E+00
  1.66370E+00  1.68096E+00  1.70631E+00  1.73088E+00  1.74129E+00  1.73088E+00  1.70630E+00  1.68096E+00  1.66369E+00  1.65517E+00  1.65197E+00  1.65088E+00  1.65027E+00  1.64962E+00  1.64901E+00  1.64876E+00  1.64901E+00
  1.65627E+00  1.66346E+00  1.67401E+00  1.68425E+00  1.68858E+00  1.68425E+00  1.67401E+00  1.66346E+00  1.65626E+00  1.65267E+00  1.65119E+00  1.65033E+00  1.64925E+00  1.64778E+00  1.64635E+00  1.64575E+00  1.64635E+00
  1.65271E+00  1.65506E+00  1.65851E+00  1.66186E+00  1.66328E+00  1.66186E+00  1.65851E+00  1.65505E+00  1.65268E+00  1.65143E+00  1.65067E+00  1.64965E+00  1.64778E+00  1.64507E+00  1.64245E+00  1.64134E+00  1.64245E+00
  1.65142E+00  1.65202E+00  1.65291E+00  1.65377E+00  1.65413E+00  1.65377E+00  1.65291E+00  1.65202E+00  1.65138E+00  1.65095E+00  1.65036E+00  1.64902E+00  1.64636E+00  1.64245E+00  1.63867E+00  1.63706E+00  1.63867E+00
  1.65106E+00  1.65118E+00  1.65136E+00  1.65154E+00  1.65161E+00  1.65154E+00  1.65136E+00  1.65118E+00  1.65102E+00  1.65081E+00  1.65025E+00  1.64876E+00  1.64575E+00  1.64134E+00  1.63706E+00  1.63525E+00  1.63706E+00

  1.65098E+00  1.65100E+00  1.65102E+00  1.65104E+00  1.65104E+00  1.65101E+00  1.65083E+00  1.64983E+00  1.64526E+00  1.62895E+00  1.58465E+00  1.49463E+00  1.36251E+00  1.23439E+00  1.18010E+00  1.23439E+00  1.36251E+00
  1.65104E+00  1.65112E+00  1.65125E+00  1.65138E+00  1.65143E+00  1.65134E+00  1.65099E+00  1.64944E+00  1.64277E+00  1.61919E+00  1.55520E+00  1.42519E+00  1.23439E+00  1.04938E+00  9.70982E-01  1.04938E+00  1.23439E+00
  1.65130E+00  1.65174E+00  1.65240E+00  1.65303E+00  1.65329E+00  1.65299E+00  1.65209E+00  1.64984E+00  1.64196E+00  1.61513E+00  1.54274E+00  1.39577E+00  1.18011E+00  9.70982E-01  8.82366E-01  9.70982E-01  1.18010E+00
  1.65228E+00  1.65406E+00  1.65667E+00  1.65920E+00  1.66027E+00  1.65916E+00  1.65640E+00  1.65238E+00  1.64402E+00  1.61960E+00  1.55530E+00  1.42521E+00  1.23440E+00  1.04938E+00  9.70982E-01  1.04938E+00  1.23439E+00
  1.65511E+00  1.66072E+00  1.66896E+00  1.67695E+00  1.68034E+00  1.67693E+00  1.66878E+00  1.65956E+00  1.64939E+00  1.63032E+00  1.58500E+00  1.49470E+00  1.36252E+00  1.23439E+00  1.18010E+00  1.23439E+00  1.36251E+00
  1.66131E+00  1.67533E+00  1.69591E+00  1.71587E+00  1.72433E+00  1.71586E+00  1.69581E+00  1.67470E+00  1.65820E+00  1.64247E+00  1.61592E+00  1.56641E+00  1.49465E+00  1.42519E+00  1.39577E+00  1.42519E+00  1.49463E+00
  1.67141E+00  1.69914E+00  1.73985E+00  1.77932E+00  1.79605E+00  1.77932E+00  1.73981E+00  1.69888E+00  1.67009E+00  1.65269E+00  1.63749E+00  1.61538E+00  1.58470E+00  1.55520E+00  1.54271E+00  1.55519E+00  1.58465E+00
  1.68301E+00  1.72650E+00  1.79033E+00  1.85222E+00  1.87845E+00  1.85222E+00  1.79031E+00  1.72641E+00  1.68258E+00  1.65993E+00  1.64867E+00  1.63960E+00  1.62904E+00  1.61918E+00  1.61502E+00  1.61917E+00  1.62895E+00
  1.69084E+00  1.74496E+00  1.82438E+00  1.90140E+00  1.93403E+00  1.90139E+00  1.82438E+00  1.74494E+00  1.69073E+00  1.66377E+00  1.65310E+00  1.64857E+00  1.64536E+00  1.64271E+00  1.64162E+00  1.64270E+00  1.64524E+00
  1.69038E+00  1.74386E+00  1.82235E+00  1.89846E+00  1.93072E+00  1.89846E+00  1.82235E+00  1.74385E+00  1.69035E+00  1.66397E+00  1.65410E+00  1.65102E+00  1.64989E+00  1.64926E+00  1.64901E+00  1.64922E+00  1.64975E+00
  1.68191E+00  1.72391E+00  1.78554E+00  1.84530E+00  1.87062E+00  1.84530E+00  1.78554E+00  1.72391E+00  1.68191E+00  1.66123E+00  1.65358E+00  1.65137E+00  1.65076E+00  1.65050E+00  1.65036E+00  1.65035E+00  1.65048E+00
  1.67027E+00  1.69647E+00  1.73491E+00  1.77219E+00  1.78799E+00  1.77219E+00  1.73491E+00  1.69647E+00  1.67027E+00  1.65736E+00  1.65257E+00  1.65111E+00  1.65055E+00  1.65012E+00  1.64974E+00  1.64958E+00  1.64975E+00
  1.66053E+00  1.67350E+00  1.69255E+00  1.71101E+00  1.71883E+00  1.71101E+00  1.69254E+00  1.67350E+00  1.66052E+00  1.65410E+00  1.65161E+00  1.65056E+00  1.64964E+00  1.64847E+00  1.64735E+00  1.64688E+00  1.64736E+00
  1.65473E+00  1.65983E+00  1.66731E+00  1.67456E+00  1.67763E+00  1.67456E+00  1.66731E+00  1.65982E+00  1.65470E+00  1.65210E+00  1.65085E+00  1.64968E+00  1.64779E+00  1.64507E+00  1.64245E+00  1.64134E+00  1.64245E+00
  1.65214E+00  1.65373E+00  1.65606E+00  1.65832E+00  1.65927E+00  1.65832E+00  1.65606E+00  1.65372E+00  1.65210E+00  1.65114E+00  1.65024E+00  1.64849E+00  1.64508E+00  1.64009E+00  1.63525E+00  1.63320E+00  1.63525E+00
  1.65126E+00  1.65165E+00  1.65223E+00  1.65278E+00  1.65302E+00  1.65278E+00  1.65222E+00  1.65164E+00  1.65120E+00  1.65076E+00  1.64980E+00  1.64736E+00  1.64245E+00  1.63525E+00  1.62827E+00  1.62531E+00  1.62827E+00
  1.65103E+00  1.65110E+00  1.65122E+00  1.65132E+00  1.65137E+00  1.65132E+00  1.65122E+00  1.65109E+00  1.65096E+00  1.65064E+00  1.64962E+00  1.64689E+00  1.64134E+00  1.63320E+00  1.62531E+00  1.62197E+00  1.62531E+00

  1.65099E+00  1.65102E+00  1.65107E+00  1.65111E+00  1.65112E+00  1.65108E+00  1.65080E+00  1.64934E+00  1.64273E+00  1.61918E+00  1.55519E+00  1.42519E+00  1.23439E+00  1.04938E+00  9.70982E-01  1.04938E+00  1.23439E+00
  1.65111E+00  1.65130E+00  1.65157E+00  1.65184E+00  1.65194E+00  1.65179E+00  1.65118E+00  1.64887E+00  1.63917E+00  1.60509E+00  1.51266E+00  1.32492E+00  1.04938E+00  7.82202E-01  6.68985E-01  7.82202E-01  1.04938E+00
  1.65165E+00  1.65258E+00  1.65393E+00  1.65525E+00  1.65580E+00  1.65519E+00  1.65350E+00  1.64983E+00  1.63816E+00  1.59929E+00  1.49468E+00  1.28243E+00  9.70984E-01  6.68985E-01  5.41013E-01  6.68985E-01  9.70982E-01
  1.65361E+00  1.65720E+00  1.66245E+00  1.66755E+00  1.66971E+00  1.66751E+00  1.66207E+00  1.65477E+00  1.64168E+00  1.60592E+00  1.51288E+00  1.32496E+00  1.04939E+00  7.82203E-01  6.68985E-01  7.82202E-01  1.04938E+00
  1.65901E+00  1.66991E+00  1.68591E+00  1.70142E+00  1.70800E+00  1.70139E+00  1.68564E+00  1.66823E+00  1.65074E+00  1.62184E+00  1.55588E+00  1.42533E+00  1.23441E+00  1.04938E+00  9.70982E-01  1.04938E+00  1.23439E+00
  1.67015E+00  1.69619E+00  1.73440E+00  1.77145E+00  1.78715E+00  1.77143E+00  1.73425E+00  1.69528E+00  1.66567E+00  1.64010E+00  1.60071E+00  1.52894E+00  1.42524E+00  1.32492E+00  1.28242E+00  1.32491E+00  1.42519E+00
  1.68695E+00  1.73577E+00  1.80743E+00  1.87691E+00  1.90635E+00  1.87690E+00  1.80736E+00  1.73538E+00  1.68504E+00  1.65560E+00  1.63205E+00  1.59969E+00  1.55529E+00  1.51266E+00  1.49463E+00  1.51265E+00  1.55519E+00
  1.70399E+00  1.77596E+00  1.88158E+00  1.98399E+00  2.02739E+00  1.98399E+00  1.88156E+00  1.77583E+00  1.70336E+00  1.66615E+00  1.64824E+00  1.63467E+00  1.61932E+00  1.60506E+00  1.59906E+00  1.60504E+00  1.61917E+00
  1.71245E+00  1.79590E+00  1.91837E+00  2.03713E+00  2.08745E+00  2.03713E+00  1.91837E+00  1.79587E+00  1.71229E+00  1.67076E+00  1.65438E+00  1.64757E+00  1.64287E+00  1.63905E+00  1.63747E+00  1.63902E+00  1.64269E+00
  1.70712E+00  1.78332E+00  1.89516E+00  2.00361E+00  2.04957E+00  2.00361E+00  1.89516E+00  1.78331E+00  1.70708E+00  1.66949E+00  1.65543E+00  1.65103E+00  1.64941E+00  1.64850E+00  1.64814E+00  1.64844E+00  1.64920E+00
  1.69140E+00  1.74627E+00  1.82681E+00  1.90490E+00  1.93799E+00  1.90490E+00  1.82681E+00  1.74627E+00  1.69139E+00  1.66437E+00  1.65438E+00  1.65147E+00  1.65065E+00  1.65029E+00  1.65009E+00  1.65008E+00  1.65025E+00
  1.67396E+00  1.70516E+00  1.75094E+00  1.79534E+00  1.81415E+00  1.79534E+00  1.75094E+00  1.70515E+00  1.67395E+00  1.65858E+00  1.65286E+00  1.65108E+00  1.65035E+00  1.64973E+00  1.64919E+00  1.64897E+00  1.64921E+00
  1.66131E+00  1.67533E+00  1.69591E+00  1.71587E+00  1.72433E+00  1.71587E+00  1.69591E+00  1.67533E+00  1.66129E+00  1.65433E+00  1.65159E+00  1.65032E+00  1.64904E+00  1.64736E+00  1.64575E+00  1.64507E+00  1.64575E+00
  1.65465E+00  1.65964E+00  1.66697E+00  1.67407E+00  1.67708E+00  1.67407E+00  1.66697E+00  1.65964E+00  1.65462E+00  1.65202E+00  1.65064E+00  1.64908E+00  1.64636E+00  1.64245E+00  1.63867E+00  1.63706E+00  1.63867E+00
  1.65201E+00  1.65342E+00  1.65549E+00  1.65749E+00  1.65834E+00  1.65749E+00  1.65548E+00  1.65341E+00  1.65195E+00  1.65101E+00  1.64986E+00  1.64738E+00  1.64245E+00  1.63525E+00  1.62827E+00  1.62531E+00  1.62827E+00
  1.65121E+00  1.65152E+00  1.65198E+00  1.65243E+00  1.65262E+00  1.65243E+00  1.65198E+00  1.65151E+00  1.65111E+00  1.65060E+00  1.64926E+00  1.64576E+00  1.63867E+00  1.62827E+00  1.61819E+00  1.61391E+00  1.61819E+00
  1.65101E+00  1.65107E+00  1.65115E+00  1.65123E+00  1.65127E+00  1.65123E+00  1.65115E+00  1.65105E+00  1.65091E+00  1.65048E+00  1.64902E+00  1.64507E+00  1.63706E+00  1.62531E+00  1.61391E+00  1.60908E+00  1.61391E+00

  1.65101E+00  1.65107E+00  1.65114E+00  1.65122E+00  1.65125E+00  1.65118E+00  1.65084E+00  1.64917E+00  1.64167E+00  1.61504E+00  1.54271E+00  1.39577E+00  1.18010E+00  9.70982E-01  8.82366E-01  9.70982E-01  1.18010E+00
  1.65122E+00  1.65156E+00  1.65206E+00  1.65254E+00  1.65274E+00  1.65248E+00  1.65162E+00  1.64881E+00  1.63773E+00  1.59914E+00  1.49465E+00  1.28243E+00  9.70983E-01  6.68985E-01  5.41013E-01  6.68985E-01  9.70982E-01
  1.65220E+00  1.65386E+00  1.65630E+00  1.65867E+00  1.65967E+00  1.65861E+00  1.65581E+00  1.65076E+00  1.63695E+00  1.59270E+00  1.47436E+00  1.23441E+00  8.82370E-01  5.41013E-01  3.95862E-01  5.41013E-01  8.82366E-01
  1.65570E+00  1.66210E+00  1.67151E+00  1.68063E+00  1.68449E+00  1.68058E+00  1.67107E+00  1.65936E+00  1.64220E+00  1.60063E+00  1.49503E+00  1.28250E+00  9.70995E-01  6.68986E-01  5.41013E-01  6.68985E-01  9.70982E-01
  1.66522E+00  1.68456E+00  1.71295E+00  1.74047E+00  1.75213E+00  1.74043E+00  1.71265E+00  1.68266E+00  1.65588E+00  1.61976E+00  1.54394E+00  1.39601E+00  1.18014E+00  9.70987E-01  8.82367E-01  9.70982E-01  1.18010E+00
  1.68465E+00  1.73035E+00  1.79742E+00  1.86246E+00  1.89002E+00  1.86244E+00  1.79726E+00  1.72932E+00  1.67958E+00  1.64267E+00  1.59520E+00  1.51324E+00  1.39586E+00  1.28243E+00  1.23439E+00  1.28242E+00  1.39576E+00
  1.71329E+00  1.79788E+00  1.92202E+00  2.04239E+00  2.09340E+00  2.04238E+00  1.92195E+00  1.79744E+00  1.71114E+00  1.66340E+00  1.63146E+00  1.59339E+00  1.54288E+00  1.49465E+00  1.47425E+00  1.49463E+00  1.54271E+00
  1.74133E+00  1.86396E+00  2.04394E+00  2.21847E+00  2.29242E+00  2.21847E+00  2.04392E+00  1.86381E+00  1.74061E+00  1.67823E+00  1.65050E+00  1.63307E+00  1.61528E+00  1.59909E+00  1.59229E+00  1.59906E+00  1.61502E+00
  1.75362E+00  1.89293E+00  2.09739E+00  2.29566E+00  2.37967E+00  2.29566E+00  2.09739E+00  1.89289E+00  1.75343E+00  1.68434E+00  1.65768E+00  1.64771E+00  1.64191E+00  1.63751E+00  1.63571E+00  1.63746E+00  1.64161E+00
  1.74236E+00  1.86640E+00  2.04845E+00  2.22498E+00  2.29979E+00  2.22498E+00  2.04845E+00  1.86640E+00  1.74233E+00  1.68117E+00  1.65842E+00  1.65153E+00  1.64929E+00  1.64819E+00  1.64777E+00  1.64811E+00  1.64897E+00
  1.71477E+00  1.80136E+00  1.92845E+00  2.05169E+00  2.10391E+00  2.05169E+00  1.92845E+00  1.80136E+00  1.71476E+00  1.67213E+00  1.65638E+00  1.65185E+00  1.65066E+00  1.65021E+00  1.64997E+00  1.64996E+00  1.65016E+00
  1.68591E+00  1.73333E+00  1.80292E+00  1.87040E+00  1.89899E+00  1.87040E+00  1.80291E+00  1.73332E+00  1.68590E+00  1.66254E+00  1.65388E+00  1.65125E+00  1.65030E+00  1.64957E+00  1.64895E+00  1.64870E+00  1.64898E+00
  1.66599E+00  1.68637E+00  1.71627E+00  1.74527E+00  1.75756E+00  1.74527E+00  1.71627E+00  1.68636E+00  1.66597E+00  1.65588E+00  1.65196E+00  1.65029E+00  1.64880E+00  1.64689E+00  1.64507E+00  1.64430E+00  1.64507E+00
  1.65604E+00  1.66292E+00  1.67301E+00  1.68280E+00  1.68695E+00  1.68280E+00  1.67301E+00  1.66291E+00  1.65600E+00  1.65246E+00  1.65067E+00  1.64885E+00  1.64577E+00  1.64134E+00  1.63706E+00  1.63525E+00  1.63706E+00
  1.65232E+00  1.65415E+00  1.65682E+00  1.65942E+00  1.66052E+00  1.65942E+00  1.65682E+00  1.65413E+00  1.65225E+00  1.65107E+00  1.64973E+00  1.64691E+00  1.64135E+00  1.63320E+00  1.62531E+00  1.62197E+00  1.62531E+00
  1.65126E+00  1.65164E+00  1.65220E+00  1.65274E+00  1.65297E+00  1.65274E+00  1.65219E+00  1.65162E+00  1.65115E+00  1.65056E+00  1.64904E+00  1.64508E+00  1.63706E+00  1.62531E+00  1.61391E+00  1.60908E+00  1.61391E+00
  1.65102E+00  1.65109E+00  1.65118E+00  1.65127E+00  1.65130E+00  1.65126E+00  1.65117E+00  1.65106E+00  1.65090E+00  1.65041E+00  1.64876E+00  1.64430E+00  1.63525E+00  1.62197E+00  1.60908E+00  1.60361E+00  1.60908E+00

  1.65103E+00  1.65111E+00  1.65122E+00  1.65133E+00  1.65137E+00  1.65130E+00  1.65095E+00  1.64942E+00  1.64276E+00  1.61919E+00  1.55519E+00  1.42519E+00  1.23439E+00  1.04938E+00  9.70982E-01  1.04938E+00  1.23439E+00
  1.65133E+00  1.65182E+00  1.65253E+00  1.65322E+00  1.65351E+00  1.65317E+00  1.65214E+00  1.64939E+00  1.63939E+00  1.60516E+00  1.51268E+00  1.32492E+00  1.04938E+00  7.82202E-01  6.68984E-01  7.82202E-01  1.04938E+00
  1.65273E+00  1.65513E+00  1.65864E+00  1.66204E+00  1.66347E+00  1.66198E+00  1.65819E+00  1.65238E+00  1.63924E+00  1.59964E+00  1.49478E+00  1.28245E+00  9.70986E-01  6.68985E-01  5.41013E-01  6.68985E-01  9.70982E-01
  1.65775E+00  1.66696E+00  1.68047E+00  1.69356E+00  1.69911E+00  1.69351E+00  1.68008E+00  1.66453E+00  1.64581E+00  1.60729E+00  1.51323E+00  1.32503E+00  1.04940E+00  7.82204E-01  6.68984E-01  7.82202E-01  1.04938E+00
  1.67140E+00  1.69913E+00  1.73983E+00  1.77929E+00  1.79601E+00  1.77926E+00  1.73956E+00  1.69745E+00  1.66313E+00  1.62595E+00  1.55695E+00  1.42555E+00  1.23445E+00  1.04939E+00  9.70982E-01  1.04938E+00  1.23439E+00
  1.69915E+00  1.76455E+00  1.86052E+00  1.95358E+00  1.99302E+00  1.95357E+00  1.86037E+00  1.76363E+00  1.69467E+00  1.64973E+00  1.60322E+00  1.52944E+00  1.42532E+00  1.32493E+00  1.28242E+00  1.32491E+00  1.42519E+00
  1.73992E+00  1.86064E+00  2.03781E+00  2.20962E+00  2.28242E+00  2.20961E+00  2.03775E+00  1.86025E+00  1.73802E+00  1.67319E+00  1.63662E+00  1.60062E+00  1.55544E+00  1.51268E+00  1.49463E+00  1.51265E+00  1.55519E+00
  1.77951E+00  1.95397E+00  2.21002E+00  2.45830E+00  2.56351E+00  2.45830E+00  2.21000E+00  1.95384E+00  1.77888E+00  1.69122E+00  1.65475E+00  1.63599E+00  1.61953E+00  1.60509E+00  1.59906E+00  1.60504E+00  1.61917E+00
  1.79640E+00  1.99378E+00  2.28346E+00  2.56436E+00  2.68339E+00  2.56435E+00  2.28345E+00  1.99374E+00  1.79623E+00  1.69863E+00  1.66162E+00  1.64904E+00  1.64311E+00  1.63908E+00  1.63747E+00  1.63902E+00  1.64269E+00
  1.77978E+00  1.95461E+00  2.21119E+00  2.46000E+00  2.56543E+00  2.46000E+00  2.21119E+00  1.95460E+00  1.77975E+00  1.69361E+00  1.66170E+00  1.65231E+00  1.64962E+00  1.64853E+00  1.64814E+00  1.64844E+00  1.64920E+00
  1.74030E+00  1.86155E+00  2.03949E+00  2.21203E+00  2.28515E+00  2.21203E+00  2.03949E+00  1.86154E+00  1.74030E+00  1.68061E+00  1.65860E+00  1.65232E+00  1.65079E+00  1.65031E+00  1.65009E+00  1.65008E+00  1.65025E+00
  1.69949E+00  1.76533E+00  1.86196E+00  1.95565E+00  1.99535E+00  1.95565E+00  1.86195E+00  1.76532E+00  1.69948E+00  1.66705E+00  1.65506E+00  1.65153E+00  1.65042E+00  1.64974E+00  1.64919E+00  1.64897E+00  1.64921E+00
  1.67162E+00  1.69962E+00  1.74071E+00  1.78055E+00  1.79743E+00  1.78054E+00  1.74069E+00  1.69960E+00  1.67159E+00  1.65775E+00  1.65248E+00  1.65050E+00  1.64907E+00  1.64736E+00  1.64575E+00  1.64507E+00  1.64575E+00
  1.65788E+00  1.66721E+00  1.68089E+00  1.69415E+00  1.69976E+00  1.69413E+00  1.68086E+00  1.66716E+00  1.65781E+00  1.65309E+00  1.65092E+00  1.64913E+00  1.64637E+00  1.64245E+00  1.63867E+00  1.63706E+00  1.63867E+00
  1.65281E+00  1.65525E+00  1.65882E+00  1.66227E+00  1.66372E+00  1.66224E+00  1.65877E+00  1.65519E+00  1.65270E+00  1.65126E+00  1.64993E+00  1.64739E+00  1.64246E+00  1.63525E+00  1.62827E+00  1.62531E+00  1.62827E+00
  1.65139E+00  1.65190E+00  1.65262E+00  1.65331E+00  1.65359E+00  1.65328E+00  1.65257E+00  1.65182E+00  1.65125E+00  1.65064E+00  1.64927E+00  1.64576E+00  1.63867E+00  1.62827E+00  1.61819E+00  1.61391E+00  1.61819E+00
  1.65108E+00  1.65117E+00  1.65128E+00  1.65137E+00  1.65141E+00  1.65135E+00  1.65123E+00  1.65110E+00  1.65093E+00  1.65048E+00  1.64902E+00  1.64507E+00  1.63706E+00  1.62531E+00  1.61391E+00  1.60908E+00  1.61391E+00

  1.65104E+00  1.65112E+00  1.65125E+00  1.65137E+00  1.65142E+00  1.65134E+00  1.65104E+00  1.64993E+00  1.64529E+00  1.62895E+00  1.58464E+00  1.49462E+00  1.36250E+00  1.23439E+00  1.18010E+00  1.23439E+00  1.36251E+00
  1.65138E+00  1.65193E+00  1.65273E+00  1.65351E+00  1.65383E+00  1.65346E+00  1.65243E+00  1.65020E+00  1.64307E+00  1.61927E+00  1.55520E+00  1.42518E+00  1.23438E+00  1.04938E+00  9.70979E-01  1.04938E+00  1.23439E+00
  1.65296E+00  1.65566E+00  1.65963E+00  1.66346E+00  1.66508E+00  1.66341E+00  1.65928E+00  1.65372E+00  1.64358E+00  1.61565E+00  1.54285E+00  1.39578E+00  1.18010E+00  9.70975E-01  8.82362E-01  9.70980E-01  1.18010E+00
  1.65863E+00  1.66902E+00  1.68427E+00  1.69906E+00  1.70532E+00  1.69901E+00  1.68397E+00  1.66730E+00  1.65033E+00  1.62168E+00  1.55583E+00  1.42530E+00  1.23440E+00  1.04937E+00  9.70978E-01  1.04938E+00  1.23439E+00
  1.67404E+00  1.70534E+00  1.75127E+00  1.79582E+00  1.81469E+00  1.79578E+00  1.75107E+00  1.70414E+00  1.66828E+00  1.63658E+00  1.58662E+00  1.49501E+00  1.36256E+00  1.23439E+00  1.18010E+00  1.23439E+00  1.36251E+00
  1.70534E+00  1.77913E+00  1.88743E+00  1.99245E+00  2.03694E+00  1.99243E+00  1.88732E+00  1.77849E+00  1.70222E+00  1.65707E+00  1.61970E+00  1.56718E+00  1.49477E+00  1.42520E+00  1.39576E+00  1.42519E+00  1.49463E+00
