# # MODEL FILE WRITTEN BY MTPY.MODELING.MODEM, JON
   17   17   25    0 LOG10
    6000.000    3000.000    3000.000    3000.000    3000.000    3000.000    3000.000    3000.000    3000.000    3000.000    3000.000    3000.000    3000.000    3000.000    3000.000    3000.000    6000.000
    6000.000    3000.000    3000.000    3000.000    3000.000    3000.000    3000.000    3000.000    3000.000    3000.000    3000.000    3000.000    3000.000    3000.000    3000.000    3000.000    6000.000
      20.000      40.000      60.000      80.000     100.000     200.000     300.000     400.000     500.000     600.000     700.000     800.000     900.000    1000.000    1000.000    1500.000    1500.000    2000.000    2000.000    2500.000    2500.000    3000.000    3000.000    3500.000    3500.000

  1.59184E+00  1.59184E+00  1.59184E+00  1.59183E+00  1.59179E+00  1.59158E+00  1.59057E+00  1.58695E+00  1.57713E+00  1.55718E+00  1.52789E+00  1.49948E+00  1.48745E+00  1.49948E+00  1.52789E+00  1.55718E+00  1.57713E+00
  1.59184E+00  1.59184E+00  1.59184E+00  1.59183E+00  1.59178E+00  1.59146E+00  1.59000E+00  1.58479E+00  1.57060E+00  1.54178E+00  1.49948E+00  1.45847E+00  1.44109E+00  1.45847E+00  1.49948E+00  1.54178E+00  1.57060E+00
  1.59185E+00  1.59185E+00  1.59185E+00  1.59183E+00  1.59177E+00  1.59142E+00  1.58977E+00  1.58387E+00  1.56783E+00  1.53526E+00  1.48745E+00  1.44109E+00  1.42144E+00  1.44109E+00  1.48745E+00  1.53526E+00  1.56783E+00
  1.59189E+00  1.59188E+00  1.59187E+00  1.59185E+00  1.59178E+00  1.59147E+00  1.59000E+00  1.58479E+00  1.57060E+00  1.54178E+00  1.49948E+00  1.45847E+00  1.44109E+00  1.45847E+00  1.49948E+00  1.54178E+00  1.57060E+00
  1.59196E+00  1.59194E+00  1.59191E+00  1.59187E+00  1.59181E+00  1.59158E+00  1.59057E+00  1.58695E+00  1.57713E+00  1.55718E+00  1.52789E+00  1.49948E+00  1.48745E+00  1.49948E+00  1.52789E+00  1.55718E+00  1.57713E+00
  1.59206E+00  1.59203E+00  1.59197E+00  1.59191E+00  1.59184E+00  1.59171E+00  1.59115E+00  1.58919E+00  1.58387E+00  1.57305E+00  1.55718E+00  1.54178E+00  1.53526E+00  1.54178E+00  1.55718E+00  1.57305E+00  1.58387E+00
  1.59215E+00  1.59212E+00  1.59203E+00  1.59194E+00  1.59187E+00  1.59180E+00  1.59155E+00  1.59072E+00  1.58846E+00  1.58387E+00  1.57713E+00  1.57060E+00  1.56784E+00  1.57060E+00  1.57713E+00  1.58387E+00  1.58846E+00
  1.59219E+00  1.59215E+00  1.59206E+00  1.59196E+00  1.59189E+00  1.59185E+00  1.59177E+00  1.59150E+00  1.59074E+00  1.58921E+00  1.58697E+00  1.58480E+00  1.58388E+00  1.58480E+00  1.58696E+00  1.58920E+00  1.59072E+00
  1.59215E+00  1.59212E+00  1.59204E+00  1.59196E+00  1.59192E+00  1.59192E+00  1.59193E+00  1.59187E+00  1.59166E+00  1.59124E+00  1.59064E+00  1.59007E+00  1.58985E+00  1.59009E+00  1.59064E+00  1.59120E+00  1.59157E+00
  1.59206E+00  1.59203E+00  1.59199E+00  1.59196E+00  1.59199E+00  1.59208E+00  1.59217E+00  1.59220E+00  1.59214E+00  1.59201E+00  1.59189E+00  1.59185E+00  1.59192E+00  1.59201E+00  1.59206E+00  1.59203E+00  1.59196E+00
  1.59196E+00  1.59195E+00  1.59195E+00  1.59200E+00  1.59215E+00  1.59239E+00  1.59264E+00  1.59276E+00  1.59275E+00  1.59274E+00  1.59298E+00  1.59355E+00  1.59418E+00  1.59447E+00  1.59417E+00  1.59346E+00  1.59272E+00
  1.59189E+00  1.59190E+00  1.59194E+00  1.59209E+00  1.59239E+00  1.59286E+00  1.59333E+00  1.59362E+00  1.59378E+00  1.59430E+00  1.59581E+00  1.59839E+00  1.60104E+00  1.60217E+00  1.60097E+00  1.59816E+00  1.59526E+00
  1.59186E+00  1.59188E+00  1.59196E+00  1.59218E+00  1.59263E+00  1.59331E+00  1.59403E+00  1.59461E+00  1.59541E+00  1.59768E+00  1.60295E+00  1.61122E+00  1.61946E+00  1.62296E+00  1.61935E+00  1.61089E+00  1.60216E+00
  1.59185E+00  1.59187E+00  1.59197E+00  1.59222E+00  1.59274E+00  1.59352E+00  1.59441E+00  1.59543E+00  1.59766E+00  1.60382E+00  1.61707E+00  1.63712E+00  1.65681E+00  1.66517E+00  1.65669E+00  1.63674E+00  1.61617E+00
  1.59184E+00  1.59187E+00  1.59195E+00  1.59217E+00  1.59264E+00  1.59335E+00  1.59429E+00  1.59587E+00  1.60028E+00  1.61235E+00  1.63753E+00  1.67502E+00  1.71159E+00  1.72710E+00  1.71149E+00  1.67469E+00  1.63674E+00
  1.59184E+00  1.59186E+00  1.59191E+00  1.59207E+00  1.59240E+00  1.59293E+00  1.59378E+00  1.59587E+00  1.60244E+00  1.62036E+00  1.65723E+00  1.71171E+00  1.76469E+00  1.78715E+00  1.76462E+00  1.71148E+00  1.65668E+00
  1.59184E+00  1.59185E+00  1.59188E+00  1.59196E+00  1.59214E+00  1.59247E+00  1.59318E+00  1.59542E+00  1.60295E+00  1.62348E+00  1.66543E+00  1.72720E+00  1.78718E+00  1.81260E+00  1.78714E+00  1.72707E+00  1.66513E+00

  1.59184E+00  1.59184E+00  1.59184E+00  1.59183E+00  1.59174E+00  1.59123E+00  1.58885E+00  1.58033E+00  1.55718E+00  1.51013E+00  1.44109E+00  1.37414E+00  1.34577E+00  1.37414E+00  1.44109E+00  1.51013E+00  1.55718E+00
  1.59186E+00  1.59185E+00  1.59185E+00  1.59183E+00  1.59170E+00  1.59096E+00  1.58752E+00  1.57522E+00  1.54178E+00  1.47384E+00  1.37414E+00  1.27745E+00  1.23648E+00  1.27745E+00  1.37414E+00  1.47384E+00  1.54178E+00
  1.59192E+00  1.59191E+00  1.59188E+00  1.59184E+00  1.59169E+00  1.59085E+00  1.58695E+00  1.57305E+00  1.53526E+00  1.45847E+00  1.34577E+00  1.23648E+00  1.19017E+00  1.23648E+00  1.34577E+00  1.45847E+00  1.53526E+00
  1.59208E+00  1.59206E+00  1.59199E+00  1.59190E+00  1.59173E+00  1.59097E+00  1.58752E+00  1.57522E+00  1.54178E+00  1.47384E+00  1.37414E+00  1.27745E+00  1.23648E+00  1.27745E+00  1.37414E+00  1.47384E+00  1.54178E+00
  1.59242E+00  1.59235E+00  1.59219E+00  1.59202E+00  1.59182E+00  1.59126E+00  1.58885E+00  1.58033E+00  1.55718E+00  1.51013E+00  1.44109E+00  1.37414E+00  1.34577E+00  1.37414E+00  1.44109E+00  1.51013E+00  1.55718E+00
  1.59292E+00  1.59279E+00  1.59250E+00  1.59219E+00  1.59194E+00  1.59156E+00  1.59023E+00  1.58561E+00  1.57305E+00  1.54756E+00  1.51013E+00  1.47385E+00  1.45847E+00  1.47384E+00  1.51013E+00  1.54755E+00  1.57305E+00
  1.59340E+00  1.59322E+00  1.59279E+00  1.59235E+00  1.59204E+00  1.59178E+00  1.59119E+00  1.58922E+00  1.58389E+00  1.57307E+00  1.55718E+00  1.54179E+00  1.53526E+00  1.54178E+00  1.55718E+00  1.57305E+00  1.58387E+00
  1.59360E+00  1.59340E+00  1.59292E+00  1.59244E+00  1.59212E+00  1.59195E+00  1.59174E+00  1.59109E+00  1.58930E+00  1.58568E+00  1.58037E+00  1.57524E+00  1.57307E+00  1.57523E+00  1.58034E+00  1.58561E+00  1.58919E+00
  1.59340E+00  1.59322E+00  1.59281E+00  1.59242E+00  1.59222E+00  1.59219E+00  1.59223E+00  1.59210E+00  1.59158E+00  1.59053E+00  1.58904E+00  1.58765E+00  1.58706E+00  1.58762E+00  1.58893E+00  1.59028E+00  1.59118E+00
  1.59292E+00  1.59281E+00  1.59257E+00  1.59240E+00  1.59247E+00  1.59278E+00  1.59313E+00  1.59326E+00  1.59302E+00  1.59249E+00  1.59192E+00  1.59154E+00  1.59146E+00  1.59159E+00  1.59178E+00  1.59188E+00  1.59190E+00
  1.59243E+00  1.59240E+00  1.59236E+00  1.59252E+00  1.59307E+00  1.59398E+00  1.59490E+00  1.59532E+00  1.59501E+00  1.59433E+00  1.59389E+00  1.59404E+00  1.59452E+00  1.59477E+00  1.59443E+00  1.59364E+00  1.59282E+00
  1.59210E+00  1.59213E+00  1.59229E+00  1.59282E+00  1.59399E+00  1.59576E+00  1.59751E+00  1.59835E+00  1.59802E+00  1.59738E+00  1.59781E+00  1.59987E+00  1.60244E+00  1.60357E+00  1.60216E+00  1.59898E+00  1.59571E+00
  1.59194E+00  1.59202E+00  1.59232E+00  1.59316E+00  1.59490E+00  1.59749E+00  1.60007E+00  1.60147E+00  1.60162E+00  1.60242E+00  1.60656E+00  1.61466E+00  1.62336E+00  1.62709E+00  1.62295E+00  1.61337E+00  1.60351E+00
  1.59188E+00  1.59198E+00  1.59234E+00  1.59331E+00  1.59530E+00  1.59824E+00  1.60124E+00  1.60324E+00  1.60491E+00  1.60988E+00  1.62280E+00  1.64406E+00  1.66562E+00  1.67481E+00  1.66516E+00  1.64260E+00  1.61935E+00
  1.59186E+00  1.59195E+00  1.59227E+00  1.59313E+00  1.59490E+00  1.59753E+00  1.60036E+00  1.60290E+00  1.60713E+00  1.61901E+00  1.64565E+00  1.68678E+00  1.72750E+00  1.74481E+00  1.72710E+00  1.68549E+00  1.64259E+00
  1.59185E+00  1.59191E+00  1.59213E+00  1.59273E+00  1.59396E+00  1.59583E+00  1.59802E+00  1.60089E+00  1.60780E+00  1.62683E+00  1.66725E+00  1.72797E+00  1.78743E+00  1.81266E+00  1.78715E+00  1.72708E+00  1.66513E+00
  1.59184E+00  1.59188E+00  1.59200E+00  1.59232E+00  1.59299E+00  1.59405E+00  1.59551E+00  1.59832E+00  1.60656E+00  1.62910E+00  1.67583E+00  1.74518E+00  1.81275E+00  1.84149E+00  1.81259E+00  1.74470E+00  1.67469E+00

  1.59185E+00  1.59185E+00  1.59184E+00  1.59182E+00  1.59166E+00  1.59071E+00  1.58632E+00  1.57060E+00  1.52789E+00  1.44109E+00  1.31370E+00  1.19017E+00  1.13783E+00  1.19017E+00  1.31370E+00  1.44109E+00  1.52789E+00
  1.59192E+00  1.59191E+00  1.59188E+00  1.59183E+00  1.59159E+00  1.59022E+00  1.58387E+00  1.56117E+00  1.49948E+00  1.37414E+00  1.19017E+00  1.01179E+00  9.36197E-01  1.01179E+00  1.19017E+00  1.37414E+00  1.49948E+00
  1.59215E+00  1.59212E+00  1.59203E+00  1.59190E+00  1.59159E+00  1.59002E+00  1.58283E+00  1.55718E+00  1.48745E+00  1.34577E+00  1.13783E+00  9.36197E-01  8.50755E-01  9.36197E-01  1.13783E+00  1.34577E+00  1.48745E+00
  1.59279E+00  1.59268E+00  1.59242E+00  1.59212E+00  1.59171E+00  1.59026E+00  1.58388E+00  1.56117E+00  1.49948E+00  1.37414E+00  1.19017E+00  1.01179E+00  9.36197E-01  1.01179E+00  1.19017E+00  1.37414E+00  1.49948E+00
  1.59409E+00  1.59383E+00  1.59321E+00  1.59256E+00  1.59197E+00  1.59082E+00  1.58635E+00  1.57061E+00  1.52789E+00  1.44109E+00  1.31370E+00  1.19017E+00  1.13783E+00  1.19017E+00  1.31370E+00  1.44109E+00  1.52789E+00
  1.59599E+00  1.59551E+00  1.59438E+00  1.59321E+00  1.59233E+00  1.59143E+00  1.58891E+00  1.58035E+00  1.55719E+00  1.51014E+00  1.44109E+00  1.37414E+00  1.34577E+00  1.37414E+00  1.44109E+00  1.51013E+00  1.55718E+00
  1.59784E+00  1.59715E+00  1.59551E+00  1.59383E+00  1.59267E+00  1.59191E+00  1.59071E+00  1.58705E+00  1.57720E+00  1.55722E+00  1.52791E+00  1.49950E+00  1.48745E+00  1.49949E+00  1.52789E+00  1.55718E+00  1.57713E+00
  1.59862E+00  1.59784E+00  1.59601E+00  1.59414E+00  1.59290E+00  1.59230E+00  1.59183E+00  1.59061E+00  1.58729E+00  1.58056E+00  1.57073E+00  1.56123E+00  1.55720E+00  1.56119E+00  1.57061E+00  1.58033E+00  1.58696E+00
  1.59784E+00  1.59716E+00  1.59558E+00  1.59403E+00  1.59316E+00  1.59299E+00  1.59310E+00  1.59290E+00  1.59187E+00  1.58976E+00  1.58683E+00  1.58413E+00  1.58297E+00  1.58397E+00  1.58640E+00  1.58890E+00  1.59060E+00
  1.59600E+00  1.59557E+00  1.59459E+00  1.59384E+00  1.59389E+00  1.59473E+00  1.59577E+00  1.59618E+00  1.59551E+00  1.59401E+00  1.59236E+00  1.59117E+00  1.59069E+00  1.59081E+00  1.59121E+00  1.59156E+00  1.59176E+00
  1.59411E+00  1.59395E+00  1.59370E+00  1.59405E+00  1.59561E+00  1.59831E+00  1.60107E+00  1.60226E+00  1.60112E+00  1.59849E+00  1.59600E+00  1.59469E+00  1.59440E+00  1.59439E+00  1.59406E+00  1.59339E+00  1.59269E+00
  1.59284E+00  1.59291E+00  1.59332E+00  1.59486E+00  1.59834E+00  1.60364E+00  1.60885E+00  1.61115E+00  1.60929E+00  1.60504E+00  1.60161E+00  1.60083E+00  1.60183E+00  1.60236E+00  1.60100E+00  1.59816E+00  1.59526E+00
  1.59222E+00  1.59245E+00  1.59333E+00  1.59585E+00  1.60108E+00  1.60884E+00  1.61644E+00  1.61993E+00  1.61781E+00  1.61319E+00  1.61136E+00  1.61479E+00  1.62064E+00  1.62326E+00  1.61941E+00  1.61089E+00  1.60216E+00
  1.59200E+00  1.59229E+00  1.59335E+00  1.59628E+00  1.60225E+00  1.61106E+00  1.61973E+00  1.62405E+00  1.62298E+00  1.62135E+00  1.62658E+00  1.64115E+00  1.65815E+00  1.66551E+00  1.65676E+00  1.63675E+00  1.61618E+00
  1.59192E+00  1.59219E+00  1.59314E+00  1.59575E+00  1.60105E+00  1.60887E+00  1.61669E+00  1.62119E+00  1.62268E+00  1.62786E+00  1.64594E+00  1.67859E+00  1.71278E+00  1.72741E+00  1.71155E+00  1.67470E+00  1.63674E+00
  1.59189E+00  1.59207E+00  1.59274E+00  1.59454E+00  1.59822E+00  1.60367E+00  1.60930E+00  1.61340E+00  1.61795E+00  1.63110E+00  1.66305E+00  1.71418E+00  1.76551E+00  1.78737E+00  1.76466E+00  1.71149E+00  1.65668E+00
  1.59186E+00  1.59196E+00  1.59232E+00  1.59330E+00  1.59530E+00  1.59830E+00  1.60158E+00  1.60492E+00  1.61136E+00  1.62930E+00  1.66859E+00  1.72854E+00  1.78762E+00  1.81271E+00  1.78716E+00  1.72708E+00  1.66513E+00

  1.59189E+00  1.59188E+00  1.59186E+00  1.59182E+00  1.59158E+00  1.59022E+00  1.58387E+00  1.56117E+00  1.49948E+00  1.37414E+00  1.19017E+00  1.01179E+00  9.36197E-01  1.01179E+00  1.19017E+00  1.37414E+00  1.49948E+00
  1.59208E+00  1.59206E+00  1.59198E+00  1.59187E+00  1.59150E+00  1.58951E+00  1.58033E+00  1.54755E+00  1.45847E+00  1.27745E+00  1.01179E+00  7.54178E-01  6.45015E-01  7.54178E-01  1.01179E+00  1.27745E+00  1.45847E+00
  1.59279E+00  1.59268E+00  1.59242E+00  1.59210E+00  1.59155E+00  1.58923E+00  1.57884E+00  1.54178E+00  1.44109E+00  1.23648E+00  9.36197E-01  6.45015E-01  5.21626E-01  6.45015E-01  9.36197E-01  1.23648E+00  1.44109E+00
  1.59471E+00  1.59438E+00  1.59359E+00  1.59274E+00  1.59187E+00  1.58963E+00  1.58036E+00  1.54756E+00  1.45847E+00  1.27745E+00  1.01179E+00  7.54178E-01  6.45015E-01  7.54178E-01  1.01179E+00  1.27745E+00  1.45847E+00
  1.59862E+00  1.59784E+00  1.59599E+00  1.59406E+00  1.59253E+00  1.59053E+00  1.58395E+00  1.56119E+00  1.49949E+00  1.37414E+00  1.19018E+00  1.01179E+00  9.36197E-01  1.01179E+00  1.19017E+00  1.37414E+00  1.49948E+00
  1.60435E+00  1.60291E+00  1.59950E+00  1.59598E+00  1.59347E+00  1.59156E+00  1.58769E+00  1.57528E+00  1.54181E+00  1.47386E+00  1.37415E+00  1.27746E+00  1.23648E+00  1.27745E+00  1.37414E+00  1.47384E+00  1.54178E+00
  1.60991E+00  1.60782E+00  1.60291E+00  1.59785E+00  1.59438E+00  1.59242E+00  1.59038E+00  1.58501E+00  1.57077E+00  1.54189E+00  1.49954E+00  1.45849E+00  1.44110E+00  1.45847E+00  1.49948E+00  1.54178E+00  1.57060E+00
  1.61226E+00  1.60992E+00  1.60439E+00  1.59874E+00  1.59499E+00  1.59322E+00  1.59227E+00  1.59044E+00  1.58559E+00  1.57577E+00  1.56147E+00  1.54768E+00  1.54183E+00  1.54757E+00  1.56118E+00  1.57522E+00  1.58479E+00
  1.60991E+00  1.60786E+00  1.60307E+00  1.59832E+00  1.59552E+00  1.59476E+00  1.59495E+00  1.59473E+00  1.59307E+00  1.58964E+00  1.58503E+00  1.58085E+00  1.57904E+00  1.58043E+00  1.58393E+00  1.58755E+00  1.59002E+00
  1.60437E+00  1.60303E+00  1.59999E+00  1.59746E+00  1.59705E+00  1.59879E+00  1.60116E+00  1.60215E+00  1.60069E+00  1.59738E+00  1.59379E+00  1.59119E+00  1.59001E+00  1.59000E+00  1.59057E+00  1.59119E+00  1.59159E+00
  1.59868E+00  1.59813E+00  1.59714E+00  1.59754E+00  1.60093E+00  1.60717E+00  1.61361E+00  1.61637E+00  1.61356E+00  1.60698E+00  1.60034E+00  1.59606E+00  1.59421E+00  1.59362E+00  1.59328E+00  1.59284E+00  1.59239E+00
  1.59482E+00  1.59493E+00  1.59571E+00  1.59916E+00  1.60726E+00  1.61969E+00  1.63191E+00  1.63717E+00  1.63219E+00  1.62054E+00  1.60920E+00  1.60254E+00  1.60022E+00  1.59949E+00  1.59824E+00  1.59622E+00  1.59420E+00
  1.59295E+00  1.59348E+00  1.59548E+00  1.60136E+00  1.61366E+00  1.63191E+00  1.64970E+00  1.65743E+00  1.65064E+00  1.63489E+00  1.62067E+00  1.61422E+00  1.61394E+00  1.61416E+00  1.61104E+00  1.60505E+00  1.59899E+00
  1.59227E+00  1.59295E+00  1.59544E+00  1.60232E+00  1.61639E+00  1.63711E+00  1.65729E+00  1.66630E+00  1.65954E+00  1.64422E+00  1.63321E+00  1.63333E+00  1.64019E+00  1.64349E+00  1.63692E+00  1.62296E+00  1.60869E+00
  1.59205E+00  1.59267E+00  1.59492E+00  1.60106E+00  1.61354E+00  1.63190E+00  1.64987E+00  1.65830E+00  1.65401E+00  1.64505E+00  1.64462E+00  1.65841E+00  1.67774E+00  1.68628E+00  1.67485E+00  1.64923E+00  1.62293E+00
  1.59196E+00  1.59239E+00  1.59396E+00  1.59821E+00  1.60686E+00  1.61960E+00  1.63219E+00  1.63872E+00  1.63818E+00  1.63860E+00  1.65176E+00  1.68106E+00  1.71360E+00  1.72762E+00  1.71159E+00  1.67470E+00  1.63674E+00
  1.59190E+00  1.59213E+00  1.59298E+00  1.59529E+00  1.59998E+00  1.60692E+00  1.61391E+00  1.61821E+00  1.62068E+00  1.62839E+00  1.65073E+00  1.68894E+00  1.72822E+00  1.74499E+00  1.72713E+00  1.68549E+00  1.64259E+00

  1.59195E+00  1.59194E+00  1.59191E+00  1.59184E+00  1.59156E+00  1.59001E+00  1.58283E+00  1.55718E+00  1.48745E+00  1.34577E+00  1.13783E+00  9.36197E-01  8.50755E-01  9.36197E-01  1.13783E+00  1.34577E+00  1.48745E+00
  1.59242E+00  1.59235E+00  1.59219E+00  1.59198E+00  1.59150E+00  1.58922E+00  1.57883E+00  1.54178E+00  1.44109E+00  1.23648E+00  9.36197E-01  6.45015E-01  5.21626E-01  6.45015E-01  9.36197E-01  1.23648E+00  1.44109E+00
  1.59409E+00  1.59383E+00  1.59321E+00  1.59252E+00  1.59168E+00  1.58895E+00  1.57716E+00  1.53526E+00  1.42144E+00  1.19017E+00  8.50755E-01  5.21626E-01  3.81673E-01  5.21626E-01  8.50755E-01  1.19017E+00  1.42144E+00
  1.59862E+00  1.59784E+00  1.59599E+00  1.59404E+00  1.59237E+00  1.58951E+00  1.57891E+00  1.54180E+00  1.44109E+00  1.23648E+00  9.36197E-01  6.45015E-01  5.21626E-01  6.45015E-01  9.36197E-01  1.23648E+00  1.44109E+00
  1.60782E+00  1.60598E+00  1.60163E+00  1.59711E+00  1.59380E+00  1.59076E+00  1.58303E+00  1.55722E+00  1.48746E+00  1.34577E+00  1.13783E+00  9.36198E-01  8.50755E-01  9.36197E-01  1.13783E+00  1.34577E+00  1.48745E+00
  1.62133E+00  1.61793E+00  1.60991E+00  1.60162E+00  1.59585E+00  1.59226E+00  1.58736E+00  1.57318E+00  1.53532E+00  1.45850E+00  1.34579E+00  1.23649E+00  1.19018E+00  1.23648E+00  1.34577E+00  1.45847E+00  1.53526E+00
  1.63443E+00  1.62952E+00  1.61795E+00  1.60602E+00  1.59788E+00  1.59361E+00  1.59058E+00  1.58431E+00  1.56815E+00  1.53547E+00  1.48756E+00  1.44114E+00  1.42146E+00  1.44109E+00  1.48745E+00  1.53526E+00  1.56783E+00
  1.63999E+00  1.63445E+00  1.62141E+00  1.60805E+00  1.59915E+00  1.59496E+00  1.59320E+00  1.59096E+00  1.58535E+00  1.57407E+00  1.55773E+00  1.54202E+00  1.53534E+00  1.54181E+00  1.55718E+00  1.57305E+00  1.58387E+00
  1.63445E+00  1.62960E+00  1.61823E+00  1.60688E+00  1.59995E+00  1.59770E+00  1.59781E+00  1.59763E+00  1.59542E+00  1.59086E+00  1.58495E+00  1.57974E+00  1.57746E+00  1.57894E+00  1.58287E+00  1.58698E+00  1.58978E+00
  1.62138E+00  1.61816E+00  1.61080E+00  1.60433E+00  1.60236E+00  1.60497E+00  1.60914E+00  1.61096E+00  1.60841E+00  1.60263E+00  1.59644E+00  1.59202E+00  1.58992E+00  1.58963E+00  1.59023E+00  1.59098E+00  1.59148E+00
  1.60793E+00  1.60653E+00  1.60375E+00  1.60352E+00  1.60911E+00  1.62030E+00  1.63205E+00  1.63710E+00  1.63185E+00  1.61954E+00  1.60690E+00  1.59840E+00  1.59437E+00  1.59297E+00  1.59255E+00  1.59231E+00  1.59211E+00
  1.59882E+00  1.59885E+00  1.59989E+00  1.60584E+00  1.62051E+00  1.64329E+00  1.66577E+00  1.67536E+00  1.66586E+00  1.64350E+00  1.62080E+00  1.60591E+00  1.59911E+00  1.59667E+00  1.59543E+00  1.59422E+00  1.59312E+00
  1.59439E+00  1.59529E+00  1.59885E+00  1.60956E+00  1.63218E+00  1.66579E+00  1.69853E+00  1.71252E+00  1.69902E+00  1.66732E+00  1.63573E+00  1.61596E+00  1.60779E+00  1.60497E+00  1.60245E+00  1.59903E+00  1.59572E+00
  1.59276E+00  1.59401E+00  1.59857E+00  1.61122E+00  1.63716E+00  1.67534E+00  1.71245E+00  1.72842E+00  1.71366E+00  1.67918E+00  1.64621E+00  1.62788E+00  1.62255E+00  1.62100E+00  1.61651E+00  1.60874E+00  1.60098E+00
  1.59225E+00  1.59341E+00  1.59755E+00  1.60885E+00  1.63188E+00  1.66571E+00  1.69860E+00  1.71299E+00  1.70085E+00  1.67283E+00  1.64871E+00  1.63991E+00  1.64238E+00  1.64406E+00  1.63704E+00  1.62298E+00  1.60869E+00
  1.59206E+00  1.59287E+00  1.59575E+00  1.60360E+00  1.61956E+00  1.64300E+00  1.66586E+00  1.67619E+00  1.66911E+00  1.65330E+00  1.64389E+00  1.64850E+00  1.66059E+00  1.66615E+00  1.65689E+00  1.63677E+00  1.61618E+00
  1.59195E+00  1.59239E+00  1.59395E+00  1.59821E+00  1.60686E+00  1.61958E+00  1.63206E+00  1.63808E+00  1.63573E+00  1.63122E+00  1.63437E+00  1.64896E+00  1.66725E+00  1.67524E+00  1.66525E+00  1.64261E+00  1.61935E+00

  1.59206E+00  1.59203E+00  1.59197E+00  1.59188E+00  1.59161E+00  1.59023E+00  1.58387E+00  1.56117E+00  1.49948E+00  1.37414E+00  1.19017E+00  1.01179E+00  9.36197E-01  1.01179E+00  1.19017E+00  1.37414E+00  1.49948E+00
  1.59292E+00  1.59279E+00  1.59249E+00  1.59215E+00  1.59162E+00  1.58955E+00  1.58034E+00  1.54756E+00  1.45847E+00  1.27745E+00  1.01179E+00  7.54178E-01  6.45015E-01  7.54178E-01  1.01179E+00  1.27745E+00  1.45847E+00
  1.59599E+00  1.59551E+00  1.59438E+00  1.59316E+00  1.59200E+00  1.58938E+00  1.57888E+00  1.54179E+00  1.44109E+00  1.23648E+00  9.36197E-01  6.45015E-01  5.21626E-01  6.45015E-01  9.36197E-01  1.23648E+00  1.44109E+00
  1.60435E+00  1.60291E+00  1.59950E+00  1.59594E+00  1.59323E+00  1.59008E+00  1.58048E+00  1.54758E+00  1.45847E+00  1.27745E+00  1.01179E+00  7.54178E-01  6.45015E-01  7.54178E-01  1.01179E+00  1.27745E+00  1.45847E+00
  1.62133E+00  1.61793E+00  1.60990E+00  1.60160E+00  1.59574E+00  1.59160E+00  1.58423E+00  1.56125E+00  1.49950E+00  1.37415E+00  1.19018E+00  1.01179E+00  9.36198E-01  1.01179E+00  1.19017E+00  1.37414E+00  1.49948E+00
  1.64626E+00  1.63998E+00  1.62518E+00  1.60990E+00  1.59939E+00  1.59355E+00  1.58825E+00  1.57543E+00  1.54187E+00  1.47389E+00  1.37416E+00  1.27746E+00  1.23649E+00  1.27745E+00  1.37414E+00  1.47384E+00  1.54178E+00
  1.67043E+00  1.66137E+00  1.64001E+00  1.61799E+00  1.60301E+00  1.59544E+00  1.59139E+00  1.58547E+00  1.57106E+00  1.54208E+00  1.49965E+00  1.45854E+00  1.44111E+00  1.45847E+00  1.49949E+00  1.54178E+00  1.57060E+00
  1.68067E+00  1.67046E+00  1.64637E+00  1.62167E+00  1.60512E+00  1.59733E+00  1.59442E+00  1.59211E+00  1.58694E+00  1.57669E+00  1.56197E+00  1.54789E+00  1.54189E+00  1.54758E+00  1.56118E+00  1.57522E+00  1.58479E+00
  1.67045E+00  1.66148E+00  1.64041E+00  1.61923E+00  1.60596E+00  1.60112E+00  1.60077E+00  1.60062E+00  1.59818E+00  1.59316E+00  1.58693E+00  1.58163E+00  1.57927E+00  1.58045E+00  1.58390E+00  1.58753E+00  1.59001E+00
  1.64633E+00  1.64032E+00  1.62647E+00  1.61381E+00  1.60870E+00  1.61135E+00  1.61699E+00  1.61956E+00  1.61601E+00  1.60795E+00  1.59945E+00  1.59345E+00  1.59056E+00  1.58992E+00  1.59036E+00  1.59102E+00  1.59149E+00
  1.62149E+00  1.61873E+00  1.61296E+00  1.61083E+00  1.61768E+00  1.63324E+00  1.64999E+00  1.65723E+00  1.64961E+00  1.63178E+00  1.61341E+00  1.60093E+00  1.59485E+00  1.59268E+00  1.59212E+00  1.59198E+00  1.59192E+00
  1.60465E+00  1.60437E+00  1.60514E+00  1.61297E+00  1.63362E+00  1.66627E+00  1.69863E+00  1.71242E+00  1.69855E+00  1.66590E+00  1.63237E+00  1.60978E+00  1.59888E+00  1.59490E+00  1.59355E+00  1.59287E+00  1.59238E+00
  1.59642E+00  1.59763E+00  1.60252E+00  1.61774E+00  1.65022E+00  1.69868E+00  1.74590E+00  1.76598E+00  1.74607E+00  1.69917E+00  1.65128E+00  1.61938E+00  1.60435E+00  1.59890E+00  1.59664E+00  1.59493E+00  1.59349E+00
  1.59340E+00  1.59518E+00  1.60170E+00  1.61991E+00  1.65732E+00  1.71243E+00  1.76595E+00  1.78874E+00  1.76646E+00  1.71402E+00  1.66104E+00  1.62670E+00  1.61136E+00  1.60590E+00  1.60265E+00  1.59906E+00  1.59572E+00
  1.59249E+00  1.59415E+00  1.60011E+00  1.61643E+00  1.64967E+00  1.69850E+00  1.74590E+00  1.76617E+00  1.74685E+00  1.70151E+00  1.65679E+00  1.62955E+00  1.61903E+00  1.61548E+00  1.61131E+00  1.60509E+00  1.59899E+00
  1.59217E+00  1.59333E+00  1.59750E+00  1.60883E+00  1.63187E+00  1.66570E+00  1.69856E+00  1.71275E+00  1.69993E+00  1.67006E+00  1.64218E+00  1.62786E+00  1.62498E+00  1.62440E+00  1.61964E+00  1.61093E+00  1.60217E+00
  1.59200E+00  1.59263E+00  1.59489E+00  1.60104E+00  1.61353E+00  1.63187E+00  1.64972E+00  1.65760E+00  1.65128E+00  1.63681E+00  1.62520E+00  1.62257E+00  1.62599E+00  1.62778E+00  1.62309E+00  1.61339E+00  1.60351E+00

  1.59215E+00  1.59212E+00  1.59203E+00  1.59192E+00  1.59170E+00  1.59073E+00  1.58632E+00  1.57060E+00  1.52789E+00  1.44109E+00  1.31370E+00  1.19017E+00  1.13783E+00  1.19017E+00  1.31370E+00  1.44109E+00  1.52789E+00
  1.59340E+00  1.59322E+00  1.59279E+00  1.59232E+00  1.59180E+00  1.59029E+00  1.58389E+00  1.56118E+00  1.49948E+00  1.37414E+00  1.19017E+00  1.01179E+00  9.36197E-01  1.01179E+00  1.19017E+00  1.37414E+00  1.49948E+00
  1.59784E+00  1.59714E+00  1.59551E+00  1.59379E+00  1.59239E+00  1.59028E+00  1.58290E+00  1.55719E+00  1.48745E+00  1.34577E+00  1.13783E+00  9.36197E-01  8.50755E-01  9.36197E-01  1.13783E+00  1.34577E+00  1.48745E+00
  1.60991E+00  1.60782E+00  1.60290E+00  1.59780E+00  1.59412E+00  1.59106E+00  1.58409E+00  1.56122E+00  1.49949E+00  1.37414E+00  1.19017E+00  1.01179E+00  9.36197E-01  1.01179E+00  1.19017E+00  1.37414E+00  1.49948E+00
  1.63443E+00  1.62952E+00  1.61793E+00  1.60596E+00  1.59766E+00  1.59271E+00  1.58685E+00  1.57072E+00  1.52791E+00  1.44110E+00  1.31370E+00  1.19018E+00  1.13783E+00  1.19017E+00  1.31370E+00  1.44109E+00  1.52789E+00
  1.67043E+00  1.66137E+00  1.63999E+00  1.61793E+00  1.60284E+00  1.59496E+00  1.58988E+00  1.58061E+00  1.55728E+00  1.51019E+00  1.44112E+00  1.37415E+00  1.34577E+00  1.37414E+00  1.44109E+00  1.51013E+00  1.55718E+00
  1.70533E+00  1.69225E+00  1.66139E+00  1.62960E+00  1.60797E+00  1.59722E+00  1.59243E+00  1.58778E+00  1.57766E+00  1.55752E+00  1.52807E+00  1.49956E+00  1.48747E+00  1.49949E+00  1.52789E+00  1.55718E+00  1.57713E+00
  1.72013E+00  1.70537E+00  1.67056E+00  1.63481E+00  1.61079E+00  1.59941E+00  1.59537E+00  1.59324E+00  1.58940E+00  1.58199E+00  1.57150E+00  1.56155E+00  1.55730E+00  1.56120E+00  1.57061E+00  1.58033E+00  1.58695E+00
  1.70536E+00  1.69237E+00  1.66185E+00  1.63099E+00  1.61127E+00  1.60350E+00  1.60231E+00  1.60210E+00  1.59982E+00  1.59523E+00  1.58977E+00  1.58533E+00  1.58332E+00  1.58400E+00  1.58635E+00  1.58885E+00  1.59057E+00
  1.67050E+00  1.66175E+00  1.64145E+00  1.62235E+00  1.61331E+00  1.61470E+00  1.62049E+00  1.62328E+00  1.61933E+00  1.61043E+00  1.60113E+00  1.59465E+00  1.59149E+00  1.59062E+00  1.59081E+00  1.59125E+00  1.59159E+00
  1.63461E+00  1.63042E+00  1.62139E+00  1.61638E+00  1.62236E+00  1.63908E+00  1.65770E+00  1.66579E+00  1.65717E+00  1.63701E+00  1.61623E+00  1.60207E+00  1.59512E+00  1.59261E+00  1.59196E+00  1.59185E+00  1.59184E+00
  1.61024E+00  1.60948E+00  1.60928E+00  1.61703E+00  1.63963E+00  1.67617E+00  1.71263E+00  1.72817E+00  1.71243E+00  1.67539E+00  1.63725E+00  1.61133E+00  1.59865E+00  1.59400E+00  1.59262E+00  1.59220E+00  1.59201E+00
  1.59832E+00  1.59954E+00  1.60472E+00  1.62155E+00  1.65803E+00  1.71269E+00  1.76603E+00  1.78868E+00  1.76603E+00  1.71264E+00  1.65773E+00  1.62056E+00  1.60249E+00  1.59586E+00  1.59376E+00  1.59291E+00  1.59238E+00
  1.59395E+00  1.59592E+00  1.60320E+00  1.62369E+00  1.66592E+00  1.72819E+00  1.78867E+00  1.81443E+00  1.78883E+00  1.72866E+00  1.66699E+00  1.62554E+00  1.60566E+00  1.59841E+00  1.59580E+00  1.59429E+00  1.59312E+00
  1.59264E+00  1.59451E+00  1.60124E+00  1.61966E+00  1.65723E+00  1.71242E+00  1.76598E+00  1.78873E+00  1.76629E+00  1.71341E+00  1.65956E+00  1.62394E+00  1.60736E+00  1.60137E+00  1.59864E+00  1.59629E+00  1.59421E+00
  1.59222E+00  1.59354E+00  1.59824E+00  1.61105E+00  1.63709E+00  1.67533E+00  1.71243E+00  1.72824E+00  1.71289E+00  1.67678E+00  1.64052E+00  1.61736E+00  1.60734E+00  1.60381E+00  1.60130E+00  1.59821E+00  1.59527E+00
  1.59202E+00  1.59274E+00  1.59529E+00  1.60224E+00  1.61636E+00  1.63709E+00  1.65721E+00  1.66584E+00  1.65773E+00  1.63873E+00  1.62024E+00  1.60939E+00  1.60561E+00  1.60440E+00  1.60234E+00  1.59901E+00  1.59571E+00

  1.59219E+00  1.59215E+00  1.59205E+00  1.59194E+00  1.59179E+00  1.59124E+00  1.58885E+00  1.58033E+00  1.55718E+00  1.51013E+00  1.44109E+00  1.37414E+00  1.34577E+00  1.37414E+00  1.44109E+00  1.51013E+00  1.55718E+00
  1.59360E+00  1.59340E+00  1.59292E+00  1.59240E+00  1.59195E+00  1.59104E+00  1.58754E+00  1.57522E+00  1.54178E+00  1.47384E+00  1.37414E+00  1.27745E+00  1.23648E+00  1.27745E+00  1.37414E+00  1.47384E+00  1.54178E+00
  1.59862E+00  1.59784E+00  1.59599E+00  1.59407E+00  1.59264E+00  1.59116E+00  1.58704E+00  1.57307E+00  1.53526E+00  1.45847E+00  1.34577E+00  1.23648E+00  1.19017E+00  1.23648E+00  1.34577E+00  1.45847E+00  1.53526E+00
  1.61227E+00  1.60991E+00  1.60436E+00  1.59861E+00  1.59458E+00  1.59192E+00  1.58777E+00  1.57527E+00  1.54179E+00  1.47385E+00  1.37414E+00  1.27745E+00  1.23648E+00  1.27745E+00  1.37414E+00  1.47384E+00  1.54178E+00
  1.63999E+00  1.63445E+00  1.62135E+00  1.60783E+00  1.59853E+00  1.59349E+00  1.58944E+00  1.58046E+00  1.55720E+00  1.51014E+00  1.44109E+00  1.37414E+00  1.34577E+00  1.37414E+00  1.44109E+00  1.51013E+00  1.55718E+00
  1.68068E+00  1.67045E+00  1.64628E+00  1.62136E+00  1.60434E+00  1.59572E+00  1.59137E+00  1.58590E+00  1.57315E+00  1.54760E+00  1.51016E+00  1.47386E+00  1.45847E+00  1.47385E+00  1.51013E+00  1.54755E+00  1.57305E+00
  1.72014E+00  1.70536E+00  1.67048E+00  1.63452E+00  1.61006E+00  1.59800E+00  1.59314E+00  1.59000E+00  1.58435E+00  1.57336E+00  1.55734E+00  1.54185E+00  1.53528E+00  1.54179E+00  1.55718E+00  1.57305E+00  1.58387E+00
  1.73692E+00  1.72017E+00  1.68081E+00  1.64034E+00  1.61306E+00  1.60005E+00  1.59549E+00  1.59371E+00  1.59137E+00  1.58707E+00  1.58112E+00  1.57555E+00  1.57316E+00  1.57524E+00  1.58033E+00  1.58560E+00  1.58919E+00
  1.72015E+00  1.70546E+00  1.67088E+00  1.63575E+00  1.61298E+00  1.60348E+00  1.60150E+00  1.60115E+00  1.59936E+00  1.59587E+00  1.59191E+00  1.58882E+00  1.58738E+00  1.58762E+00  1.58886E+00  1.59021E+00  1.59114E+00
  1.68074E+00  1.67077E+00  1.64757E+00  1.62525E+00  1.61358E+00  1.61301E+00  1.61749E+00  1.61979E+00  1.61631E+00  1.60853E+00  1.60045E+00  1.59487E+00  1.59214E+00  1.59129E+00  1.59128E+00  1.59149E+00  1.59168E+00
  1.64015E+00  1.63523E+00  1.62440E+00  1.61705E+00  1.62037E+00  1.63421E+00  1.65036E+00  1.65744E+00  1.64978E+00  1.63191E+00  1.61350E+00  1.60094E+00  1.59476E+00  1.59250E+00  1.59189E+00  1.59178E+00  1.59178E+00
  1.61256E+00  1.61138E+00  1.61000E+00  1.61564E+00  1.63484E+00  1.66682E+00  1.69899E+00  1.71272E+00  1.69875E+00  1.66588E+00  1.63199E+00  1.60892E+00  1.59757E+00  1.59338E+00  1.59218E+00  1.59189E+00  1.59182E+00
  1.59905E+00  1.59996E+00  1.60415E+00  1.61867E+00  1.65073E+00  1.69906E+00  1.74630E+00  1.76636E+00  1.74624E+00  1.69880E+00  1.64992E+00  1.61666E+00  1.60035E+00  1.59433E+00  1.59257E+00  1.59208E+00  1.59191E+00
  1.59409E+00  1.59579E+00  1.60214E+00  1.62020E+00  1.65758E+00  1.71276E+00  1.76636E+00  1.78910E+00  1.76639E+00  1.71281E+00  1.65766E+00  1.62023E+00  1.60193E+00  1.59520E+00  1.59315E+00  1.59246E+00  1.59212E+00
  1.59263E+00  1.59427E+00  1.60022E+00  1.61654E+00  1.64983E+00  1.69876E+00  1.74623E+00  1.76636E+00  1.74631E+00  1.69900E+00  1.65039E+00  1.61755E+00  1.60162E+00  1.59578E+00  1.59387E+00  1.59299E+00  1.59242E+00
  1.59219E+00  1.59336E+00  1.59752E+00  1.60888E+00  1.63197E+00  1.66587E+00  1.69875E+00  1.71271E+00  1.69887E+00  1.66624E+00  1.63285E+00  1.61050E+00  1.59985E+00  1.59597E+00  1.59448E+00  1.59350E+00  1.59271E+00
  1.59201E+00  1.59264E+00  1.59490E+00  1.60106E+00  1.61358E+00  1.63196E+00  1.64979E+00  1.65737E+00  1.64992E+00  1.63239E+00  1.61459E+00  1.60292E+00  1.59758E+00  1.59566E+00  1.59467E+00  1.59371E+00  1.59284E+00

  1.59215E+00  1.59212E+00  1.59203E+00  1.59194E+00  1.59184E+00  1.59159E+00  1.59057E+00  1.58695E+00  1.57713E+00  1.55718E+00  1.52789E+00  1.49948E+00  1.48745E+00  1.49948E+00  1.52789E+00  1.55718E+00  1.57713E+00
  1.59340E+00  1.59322E+00  1.59280E+00  1.59236E+00  1.59200E+00  1.59154E+00  1.59002E+00  1.58479E+00  1.57060E+00  1.54178E+00  1.49948E+00  1.45847E+00  1.44109E+00  1.45847E+00  1.49948E+00  1.54178E+00  1.57060E+00
  1.59786E+00  1.59717E+00  1.59554E+00  1.59385E+00  1.59263E+00  1.59171E+00  1.58984E+00  1.58388E+00  1.56784E+00  1.53526E+00  1.48745E+00  1.44109E+00  1.42144E+00  1.44109E+00  1.48745E+00  1.53526E+00  1.56783E+00
  1.60995E+00  1.60789E+00  1.60298E+00  1.59789E+00  1.59437E+00  1.59233E+00  1.59023E+00  1.58483E+00  1.57061E+00  1.54178E+00  1.49948E+00  1.45847E+00  1.44109E+00  1.45847E+00  1.49948E+00  1.54178E+00  1.57060E+00
  1.63452E+00  1.62964E+00  1.61807E+00  1.60610E+00  1.59788E+00  1.59362E+00  1.59111E+00  1.58707E+00  1.57716E+00  1.55718E+00  1.52789E+00  1.49948E+00  1.48745E+00  1.49948E+00  1.52789E+00  1.55717E+00  1.57713E+00
  1.67055E+00  1.66154E+00  1.64018E+00  1.61811E+00  1.60302E+00  1.59547E+00  1.59218E+00  1.58945E+00  1.58395E+00  1.57309E+00  1.55719E+00  1.54179E+00  1.53526E+00  1.54178E+00  1.55717E+00  1.57305E+00  1.58387E+00
  1.70547E+00  1.69245E+00  1.66160E+00  1.62977E+00  1.60806E+00  1.59737E+00  1.59326E+00  1.59135E+00  1.58881E+00  1.58408E+00  1.57725E+00  1.57065E+00  1.56785E+00  1.57060E+00  1.57713E+00  1.58386E+00  1.58845E+00
  1.72025E+00  1.70553E+00  1.67070E+00  1.63484E+00  1.61059E+00  1.59892E+00  1.59482E+00  1.59348E+00  1.59226E+00  1.59023E+00  1.58752E+00  1.58502E+00  1.58394E+00  1.58479E+00  1.58694E+00  1.58917E+00  1.59070E+00
  1.70543E+00  1.69245E+00  1.66181E+00  1.63056E+00  1.61007E+00  1.60118E+00  1.59897E+00  1.59854E+00  1.59736E+00  1.59515E+00  1.59273E+00  1.59091E+00  1.59005E+00  1.59005E+00  1.59053E+00  1.59109E+00  1.59149E+00
  1.67052E+00  1.66167E+00  1.64097E+00  1.62076E+00  1.60947E+00  1.60756E+00  1.61016E+00  1.61164E+00  1.60917E+00  1.60372E+00  1.59809E+00  1.59421E+00  1.59229E+00  1.59162E+00  1.59151E+00  1.59157E+00  1.59166E+00
  1.63457E+00  1.63011E+00  1.62013E+00  1.61252E+00  1.61322E+00  1.62218E+00  1.63329E+00  1.63820E+00  1.63277E+00  1.62016E+00  1.60715E+00  1.59826E+00  1.59386E+00  1.59220E+00  1.59170E+00  1.59159E+00  1.59161E+00
  1.61012E+00  1.60887E+00  1.60691E+00  1.60987E+00  1.62273E+00  1.64498E+00  1.66757E+00  1.67724E+00  1.66736E+00  1.64413E+00  1.62017E+00  1.60382E+00  1.59573E+00  1.59268E+00  1.59175E+00  1.59153E+00  1.59153E+00
  1.59814E+00  1.59864E+00  1.60128E+00  1.61119E+00  1.63361E+00  1.66763E+00  1.70096E+00  1.71512E+00  1.70089E+00  1.66736E+00  1.63277E+00  1.60919E+00  1.59754E+00  1.59317E+00  1.59186E+00  1.59154E+00  1.59152E+00
  1.59374E+00  1.59491E+00  1.59931E+00  1.61198E+00  1.63832E+00  1.67727E+00  1.71512E+00  1.73117E+00  1.71511E+00  1.67722E+00  1.63815E+00  1.61154E+00  1.59842E+00  1.59352E+00  1.59205E+00  1.59166E+00  1.59160E+00
  1.59246E+00  1.59361E+00  1.59780E+00  1.60930E+00  1.63281E+00  1.66737E+00  1.70089E+00  1.71511E+00  1.70091E+00  1.66740E+00  1.63288E+00  1.60940E+00  1.59785E+00  1.59356E+00  1.59226E+00  1.59187E+00  1.59175E+00
  1.59210E+00  1.59292E+00  1.59586E+00  1.60388E+00  1.62018E+00  1.64413E+00  1.66735E+00  1.67720E+00  1.66738E+00  1.64420E+00  1.62035E+00  1.60417E+00  1.59627E+00  1.59334E+00  1.59241E+00  1.59207E+00  1.59190E+00
  1.59196E+00  1.59240E+00  1.59400E+00  1.59835E+00  1.60720E+00  1.62018E+00  1.63277E+00  1.63811E+00  1.63279E+00  1.62026E+00  1.60740E+00  1.59872E+00  1.59453E+00  1.59298E+00  1.59245E+00  1.59218E+00  1.59199E+00

  1.59207E+00  1.59205E+00  1.59199E+00  1.59192E+00  1.59186E+00  1.59177E+00  1.59142E+00  1.59022E+00  1.58695E+00  1.58033E+00  1.57060E+00  1.56117E+00  1.55718E+00  1.56117E+00  1.57060E+00  1.58033E+00  1.58695E+00
  1.59296E+00  1.59285E+00  1.59256E+00  1.59225E+00  1.59201E+00  1.59178E+00  1.59125E+00  1.58950E+00  1.58479E+00  1.57522E+00  1.56117E+00  1.54755E+00  1.54178E+00  1.54755E+00  1.56117E+00  1.57522E+00  1.58479E+00
  1.59611E+00  1.59569E+00  1.59458E+00  1.59339E+00  1.59252E+00  1.59196E+00  1.59123E+00  1.58921E+00  1.58387E+00  1.57305E+00  1.55718E+00  1.54178E+00  1.53526E+00  1.54178E+00  1.55717E+00  1.57305E+00  1.58387E+00
  1.60463E+00  1.60332E+00  1.59997E+00  1.59640E+00  1.59386E+00  1.59245E+00  1.59145E+00  1.58955E+00  1.58480E+00  1.57522E+00  1.56117E+00  1.54755E+00  1.54178E+00  1.54755E+00  1.56117E+00  1.57522E+00  1.58478E+00
  1.62186E+00  1.61869E+00  1.61076E+00  1.60239E+00  1.59650E+00  1.59342E+00  1.59190E+00  1.59033E+00  1.58698E+00  1.58033E+00  1.57060E+00  1.56117E+00  1.55718E+00  1.56117E+00  1.57060E+00  1.58033E+00  1.58695E+00
  1.64702E+00  1.64108E+00  1.62642E+00  1.61101E+00  1.60026E+00  1.59477E+00  1.59247E+00  1.59118E+00  1.58926E+00  1.58563E+00  1.58034E+00  1.57522E+00  1.57305E+00  1.57521E+00  1.58032E+00  1.58559E+00  1.58919E+00
  1.67129E+00  1.66261E+00  1.64139E+00  1.61920E+00  1.60383E+00  1.59609E+00  1.59309E+00  1.59194E+00  1.59096E+00  1.58933E+00  1.58703E+00  1.58481E+00  1.58387E+00  1.58478E+00  1.58694E+00  1.58917E+00  1.59070E+00
  1.68143E+00  1.67154E+00  1.64755E+00  1.62258E+00  1.60547E+00  1.59706E+00  1.59402E+00  1.59307E+00  1.59247E+00  1.59163E+00  1.59057E+00  1.58964E+00  1.58922E+00  1.58946E+00  1.59015E+00  1.59089E+00  1.59140E+00
  1.67096E+00  1.66218E+00  1.64104E+00  1.61928E+00  1.60481E+00  1.59834E+00  1.59659E+00  1.59620E+00  1.59546E+00  1.59416E+00  1.59279E+00  1.59178E+00  1.59127E+00  1.59115E+00  1.59123E+00  1.59139E+00  1.59155E+00
  1.64657E+00  1.64055E+00  1.62623E+00  1.61208E+00  1.60395E+00  1.60222E+00  1.60365E+00  1.60452E+00  1.60293E+00  1.59947E+00  1.59589E+00  1.59341E+00  1.59211E+00  1.59155E+00  1.59133E+00  1.59128E+00  1.59136E+00
  1.62153E+00  1.61846E+00  1.61149E+00  1.60597E+00  1.60592E+00  1.61139E+00  1.61837E+00  1.62147E+00  1.61799E+00  1.60992E+00  1.60159E+00  1.59585E+00  1.59288E+00  1.59160E+00  1.59106E+00  1.59090E+00  1.59100E+00
  1.60452E+00  1.60363E+00  1.60212E+00  1.60373E+00  1.61174E+00  1.62585E+00  1.64024E+00  1.64639E+00  1.64008E+00  1.62522E+00  1.60988E+00  1.59932E+00  1.59393E+00  1.59167E+00  1.59077E+00  1.59050E+00  1.59063E+00
  1.59620E+00  1.59648E+00  1.59808E+00  1.60432E+00  1.61858E+00  1.64027E+00  1.66155E+00  1.67059E+00  1.66150E+00  1.64006E+00  1.61791E+00  1.60272E+00  1.59502E+00  1.59186E+00  1.59068E+00  1.59033E+00  1.59048E+00
  1.59314E+00  1.59388E+00  1.59666E+00  1.60473E+00  1.62154E+00  1.64641E+00  1.67059E+00  1.68084E+00  1.67058E+00  1.64635E+00  1.62134E+00  1.60420E+00  1.59557E+00  1.59211E+00  1.59088E+00  1.59053E+00  1.59064E+00
  1.59225E+00  1.59299E+00  1.59565E+00  1.60300E+00  1.61801E+00  1.64009E+00  1.66150E+00  1.67058E+00  1.66150E+00  1.64007E+00  1.61796E+00  1.60283E+00  1.59526E+00  1.59227E+00  1.59125E+00  1.59096E+00  1.59102E+00
  1.59201E+00  1.59253E+00  1.59441E+00  1.59953E+00  1.60995E+00  1.62524E+00  1.64008E+00  1.64636E+00  1.64008E+00  1.62525E+00  1.60995E+00  1.59950E+00  1.59429E+00  1.59227E+00  1.59159E+00  1.59140E+00  1.59141E+00
  1.59191E+00  1.59220E+00  1.59322E+00  1.59600E+00  1.60165E+00  1.60994E+00  1.61798E+00  1.62139E+00  1.61799E+00  1.60995E+00  1.60167E+00  1.59603E+00  1.59323E+00  1.59216E+00  1.59180E+00  1.59169E+00  1.59168E+00

  1.59201E+00  1.59202E+00  1.59199E+00  1.59195E+00  1.59190E+00  1.59185E+00  1.59174E+00  1.59142E+00  1.59057E+00  1.58885E+00  1.58632E+00  1.58387E+00  1.58283E+00  1.58387E+00  1.58632E+00  1.58884E+00  1.59057E+00
  1.59262E+00  1.59264E+00  1.59252E+00  1.59231E+00  1.59211E+00  1.59194E+00  1.59173E+00  1.59124E+00  1.59001E+00  1.58752E+00  1.58387E+00  1.58033E+00  1.57883E+00  1.58033E+00  1.58386E+00  1.58751E+00  1.59000E+00
  1.59468E+00  1.59469E+00  1.59418E+00  1.59344E+00  1.59274E+00  1.59223E+00  1.59182E+00  1.59120E+00  1.58978E+00  1.58696E+00  1.58283E+00  1.57883E+00  1.57713E+00  1.57882E+00  1.58282E+00  1.58695E+00  1.58976E+00
  1.60002E+00  1.59986E+00  1.59828E+00  1.59611E+00  1.59419E+00  1.59288E+00  1.59208E+00  1.59135E+00  1.59003E+00  1.58752E+00  1.58387E+00  1.58033E+00  1.57883E+00  1.58032E+00  1.58386E+00  1.58751E+00  1.59000E+00
  1.61041E+00  1.60971E+00  1.60585E+00  1.60087E+00  1.59667E+00  1.59396E+00  1.59252E+00  1.59166E+00  1.59063E+00  1.58886E+00  1.58632E+00  1.58387E+00  1.58283E+00  1.58386E+00  1.58631E+00  1.58884E+00  1.59056E+00
  1.62506E+00  1.62332E+00  1.61600E+00  1.60702E+00  1.59973E+00  1.59525E+00  1.59302E+00  1.59200E+00  1.59127E+00  1.59025E+00  1.58886E+00  1.58752E+00  1.58695E+00  1.58751E+00  1.58883E+00  1.59020E+00  1.59114E+00
